GEYAPFARL	=	21.00001837
EQYGPRHTL	=	34.99995182
YMKAPSGAL	=	94.99949383
EMKEAFHGL	=	109.99991130
EMVLRADQL	=	131.00000210
AEAASATPL	=	144.00043210
MEQRVMATL	=	165.00087060
FQWWRSHPL	=	326.99847070
MLKRRGFHL	=	1016.00162000
GELIFSHNL	=	1087.00131700
LELAFSGVL	=	1149.00439400
MQLPGGWLL	=	1620.99557200
SQAAFGLPI	=	1756.99432700
MMHASTSPF	=	2782.01271200
QLDQRRALL	=	4081.98882200
RQMKSGGRF	=	4540.02231300
ERYPGGVSL	=	9256.01554900
QLKSRAAVL	=	9659.02562800
AMKDRFQPL	=	14650.04520000
KQLGQVMLL	=	20702.94569000
LRKERLAKL	=	24999.99311000
MRIGSMATL	=	24999.99311000
LMMNGTSAM	=	24999.99311000
KQLESVMYL	=	24999.99311000
FMFDYIPPV	=	24999.99311000
IVKQRRWKL	=	24999.99311000
EIYRTLYGL	=	24999.99311000
FARERRLAL	=	24999.99311000
EMKLRQKQL	=	24999.99311000
YLMAWKQVL	=	24999.99311000
YLREHIRAM	=	24999.99311000
RVYAHVRSV	=	24999.99311000
