GMYGHPFAL	=	20.00009317
EEFLQCGRL	=	23.99991278
SEILPFTVL	=	29.00009014
IMANRAQVL	=	132.00022710
ELRSRYWAI	=	345.99860270
YMRERFEPM	=	350.99843430
LLYAHINAL	=	392.99825300
RRYRRIYDL	=	562.00291500
RFFKHFMSL	=	1195.00453300
IEHALAHQL	=	1245.99693800
REMINHYQV	=	1353.00571600
EQGKQHAWL	=	1508.00265700
KQIAEHATI	=	1601.00286800
MLMAASRAL	=	3473.99320200
EYKKSLYKF	=	3687.00137300
KQFCLSILL	=	4270.98063900
MMQTYTGAL	=	5405.00357900
GMMRWCMPV	=	5760.98061700
YLYLRPYAL	=	19247.95434000
KQYNVTQAF	=	24999.99311000
RAMKALSSI	=	24999.99311000
RLARAIIEL	=	24999.99311000
RLLERCAKL	=	24999.99311000
RVMAIFMAL	=	24999.99311000
MLKLRQARL	=	24999.99311000
ETLETLLLL	=	24999.99311000
VMAPRTLVL	=	24999.99311000
YLMPYSVYI	=	24999.99311000
DLKLVDVKL	=	24999.99311000
YAMAIRQAI	=	24999.99311000
