GLFPFHFTL	=	56.99982463
RQYERYTAL	=	58.00019627
AEMRETHWL	=	91.00031288
EEMPLVWDL	=	102.99987420
RMMGKTNPL	=	166.99989170
GQFLSFASL	=	172.99925370
REAGMAATL	=	475.99750860
SQAFNTPAL	=	1383.00720800
FLRRRRAAL	=	1417.99390900
AEAAGCSMI	=	1643.99271000
FQILHDRFF	=	2032.99340400
ALMEVTHVL	=	2354.00300700
RQQAIVDLL	=	2861.01440500
KEHKGVGFL	=	3262.01277700
EAILRRFPL	=	3920.99548100
RAMACSALI	=	3957.00839200
HEAEYNLSL	=	13006.05528000
DLKPQNILL	=	15810.92597000
WLYPGAQNL	=	24931.92137000
RAWPSAHAI	=	24999.99311000
KAYANMWSL	=	24999.99311000
RMNAVSTIL	=	24999.99311000
FMKSRVYSI	=	24999.99311000
RIRAANLPI	=	24999.99311000
FLIRRFFMF	=	24999.99311000
WLRAHPVAI	=	24999.99311000
RVIDPRRCL	=	24999.99311000
YEVPAALIL	=	24999.99311000
EDFEIFYNL	=	24999.99311000
ALRSRWRAL	=	24999.99311000
YQVKYVSPV	=	24999.99311000
