EQKRQNMVL	=	40.00019738
EEFCDMLRL	=	46.99975383
GELRKAICL	=	60.00001186
AMMWRIAQL	=	69.99992294
AQRELFFTL	=	117.00000000
AEIEDLIFL	=	220.99951400
SLKERIDML	=	227.00005810
SESTHYFTV	=	495.99758450
AQRAAGPSV	=	1001.99515600
AMAGGIGVL	=	1097.99436800
EQLGVPLHL	=	1429.99613300
YMYAVSGAL	=	1826.99912700
VLIRRCHYL	=	5604.99367900
RQNAAIEAL	=	5649.98982800
MQIRGFVYF	=	6324.00402300
QLKQRDALF	=	24999.99311000
QLKYKYPAL	=	24999.99311000
KLRSNALSL	=	24999.99311000
MMWATAQAL	=	24999.99311000
RMKMRRPHL	=	24999.99311000
FMSMVSHEL	=	24999.99311000
FLRKRRRFF	=	24999.99311000
FLKNRFEAL	=	24999.99311000
FEANALSVI	=	24999.99311000
ETLWSPWKL	=	24999.99311000
SLKHRQYVF	=	24999.99311000
ETHDRGFAM	=	24999.99311000
ELLEPLYDV	=	24999.99311000
WMRGRGRAL	=	24999.99311000
YLQQNTHTL	=	24999.99311000
RKKLRPRWL	=	24999.99311000
AELTGYGTV	=	24999.99311000
