GMYGHPFAL	=	20.00009317
GEYAPFARL	=	21.00001837
EEFLQCGRL	=	23.99991278
SEILPFTVL	=	29.00009014
EQYGPRHTL	=	34.99995182
EQKRQNMVL	=	40.00019738
EEFCDMLRL	=	46.99975383
GLFPFHFTL	=	56.99982463
RQYERYTAL	=	58.00019627
GELRKAICL	=	60.00001186
AMMWRIAQL	=	69.99992294
AEMRETHWL	=	91.00031288
YMKAPSGAL	=	94.99949383
EEMPLVWDL	=	102.99987420
EMKEAFHGL	=	109.99991130
AQRELFFTL	=	117.00000000
EMVLRADQL	=	131.00000210
IMANRAQVL	=	132.00022710
AEAASATPL	=	144.00043210
MEQRVMATL	=	165.00087060
RMMGKTNPL	=	166.99989170
GQFLSFASL	=	172.99925370
AEIEDLIFL	=	220.99951400
SLKERIDML	=	227.00005810
FQWWRSHPL	=	326.99847070
ELRSRYWAI	=	345.99860270
YMRERFEPM	=	350.99843430
LLYAHINAL	=	392.99825300
REAGMAATL	=	475.99750860
SESTHYFTV	=	495.99758450
RRYRRIYDL	=	562.00291500
AQRAAGPSV	=	1001.99515600
MLKRRGFHL	=	1016.00162000
GELIFSHNL	=	1087.00131700
AMAGGIGVL	=	1097.99436800
LELAFSGVL	=	1149.00439400
RFFKHFMSL	=	1195.00453300
IEHALAHQL	=	1245.99693800
REMINHYQV	=	1353.00571600
SQAFNTPAL	=	1383.00720800
FLRRRRAAL	=	1417.99390900
EQLGVPLHL	=	1429.99613300
EQGKQHAWL	=	1508.00265700
KQIAEHATI	=	1601.00286800
MQLPGGWLL	=	1620.99557200
AEAAGCSMI	=	1643.99271000
SQAAFGLPI	=	1756.99432700
YMYAVSGAL	=	1826.99912700
FQILHDRFF	=	2032.99340400
ALMEVTHVL	=	2354.00300700
MMHASTSPF	=	2782.01271200
RQQAIVDLL	=	2861.01440500
KEHKGVGFL	=	3262.01277700
MLMAASRAL	=	3473.99320200
EYKKSLYKF	=	3687.00137300
EAILRRFPL	=	3920.99548100
RAMACSALI	=	3957.00839200
QLDQRRALL	=	4081.98882200
KQFCLSILL	=	4270.98063900
RQMKSGGRF	=	4540.02231300
MMQTYTGAL	=	5405.00357900
VLIRRCHYL	=	5604.99367900
RQNAAIEAL	=	5649.98982800
GMMRWCMPV	=	5760.98061700
MQIRGFVYF	=	6324.00402300
ERYPGGVSL	=	9256.01554900
QLKSRAAVL	=	9659.02562800
HEAEYNLSL	=	13006.05528000
AMKDRFQPL	=	14650.04520000
DLKPQNILL	=	15810.92597000
YLYLRPYAL	=	19247.95434000
KQLGQVMLL	=	20702.94569000
WLYPGAQNL	=	24931.92137000
LRKERLAKL	=	24999.99311000
MRIGSMATL	=	24999.99311000
LMMNGTSAM	=	24999.99311000
QLKQRDALF	=	24999.99311000
KQYNVTQAF	=	24999.99311000
QLKYKYPAL	=	24999.99311000
RAMKALSSI	=	24999.99311000
RAWPSAHAI	=	24999.99311000
KQLESVMYL	=	24999.99311000
KLRSNALSL	=	24999.99311000
KAYANMWSL	=	24999.99311000
MMWATAQAL	=	24999.99311000
FMFDYIPPV	=	24999.99311000
RLARAIIEL	=	24999.99311000
RLLERCAKL	=	24999.99311000
IVKQRRWKL	=	24999.99311000
RMKMRRPHL	=	24999.99311000
FMSMVSHEL	=	24999.99311000
RMNAVSTIL	=	24999.99311000
FMKSRVYSI	=	24999.99311000
FLRKRRRFF	=	24999.99311000
FLKNRFEAL	=	24999.99311000
RIRAANLPI	=	24999.99311000
FLIRRFFMF	=	24999.99311000
EIYRTLYGL	=	24999.99311000
RVMAIFMAL	=	24999.99311000
MLKLRQARL	=	24999.99311000
FEANALSVI	=	24999.99311000
FARERRLAL	=	24999.99311000
ETLWSPWKL	=	24999.99311000
ETLETLLLL	=	24999.99311000
SLKHRQYVF	=	24999.99311000
ETHDRGFAM	=	24999.99311000
EMKLRQKQL	=	24999.99311000
ELLEPLYDV	=	24999.99311000
VMAPRTLVL	=	24999.99311000
WLRAHPVAI	=	24999.99311000
RVIDPRRCL	=	24999.99311000
WMRGRGRAL	=	24999.99311000
YEVPAALIL	=	24999.99311000
YLMAWKQVL	=	24999.99311000
YLMPYSVYI	=	24999.99311000
YLQQNTHTL	=	24999.99311000
YLREHIRAM	=	24999.99311000
RKKLRPRWL	=	24999.99311000
EDFEIFYNL	=	24999.99311000
DLKLVDVKL	=	24999.99311000
ALRSRWRAL	=	24999.99311000
AELTGYGTV	=	24999.99311000
RVYAHVRSV	=	24999.99311000
YAMAIRQAI	=	24999.99311000
YQVKYVSPV	=	24999.99311000
