GMYGHPFAL	=	20.00009317
GEYAPFARL	=	21.00001837
EEFLQCGRL	=	23.99991278
SEILPFTVL	=	29.00009014
EEISSIISL	=	31.00015026
EQYGPRHTL	=	34.99995182
AEMVAKYDL	=	36.00008817
EEQQSMLAL	=	40.00019738
EQKRQNMVL	=	40.00019738
EEFCDMLRL	=	46.99975383
GQFNRYAAM	=	54.99994048
EEITPHCAL	=	56.99982463
GELRKAICL	=	60.00001186
AMMWRIAQL	=	69.99992294
YMKAPSGAL	=	94.99949383
EMKEAFHGL	=	109.99991130
AQRELFFTL	=	117.00000000
EMVLRADQL	=	131.00000210
IMANRAQVL	=	132.00022710
AEAASATPL	=	144.00043210
ELKRQLADL	=	160.99940570
MEQRVMATL	=	165.00087060
AEIEDLIFL	=	220.99951400
SLKERIDML	=	227.00005810
FQWWRSHPL	=	326.99847070
ELRSRYWAI	=	345.99860270
YMRERFEPM	=	350.99843430
LLYAHINAL	=	392.99825300
SENDRLRLL	=	403.00118870
RMAMIPRTL	=	427.99825500
SESTHYFTV	=	495.99758450
RRYRRIYDL	=	562.00291500
MQQGRFPPL	=	604.00204270
IEIARTLTL	=	846.99572820
AQRAAGPSV	=	1001.99515600
MLKRRGFHL	=	1016.00162000
GELIFSHNL	=	1087.00131700
AMAGGIGVL	=	1097.99436800
LELAFSGVL	=	1149.00439400
RFFKHFMSL	=	1195.00453300
IEHALAHQL	=	1245.99693800
KQWIVAGAI	=	1302.99430300
REMINHYQV	=	1353.00571600
EQLGVPLHL	=	1429.99613300
EQGKQHAWL	=	1508.00265700
KQIAEHATI	=	1601.00286800
MQLPGGWLL	=	1620.99557200
EAQERISAL	=	1680.99208600
SQAAFGLPI	=	1756.99432700
YMYAVSGAL	=	1826.99912700
MMHASTSPF	=	2782.01271200
TMKRKRLFL	=	2966.00796900
MLMAASRAL	=	3473.99320200
EYKKSLYKF	=	3687.00137300
QLDQRRALL	=	4081.98882200
KQFCLSILL	=	4270.98063900
RQMKSGGRF	=	4540.02231300
TMMRHRREL	=	4679.01046700
MMQTYTGAL	=	5405.00357900
RQNLSSSEL	=	5463.97939300
VLIRRCHYL	=	5604.99367900
RQNAAIEAL	=	5649.98982800
GMMRWCMPV	=	5760.98061700
GQLASMVKL	=	6060.01217600
MQIRGFVYF	=	6324.00402300
ELRRRLPLF	=	8671.96427700
ERYPGGVSL	=	9256.01554900
YMKERFTVL	=	9292.03861100
QLKSRAAVL	=	9659.02562800
REAKATRPL	=	10443.94511000
ETIGLVRAL	=	11777.96169000
AMKDRFQPL	=	14650.04520000
KQSSFLSSL	=	16305.01399000
ELLDHLLLF	=	18374.94291000
YLYLRPYAL	=	19247.95434000
KQLGQVMLL	=	20702.94569000
YQAYAAPQL	=	23315.04357000
LRKERLAKL	=	24999.99311000
MRIGSMATL	=	24999.99311000
LMMNGTSAM	=	24999.99311000
QLKQRDALF	=	24999.99311000
KQYNVTQAF	=	24999.99311000
QLKYKYPAL	=	24999.99311000
RAMKALSSI	=	24999.99311000
KQLESVMYL	=	24999.99311000
KLRSNALSL	=	24999.99311000
KLQERLAKL	=	24999.99311000
MMWATAQAL	=	24999.99311000
FMFDYIPPV	=	24999.99311000
RLARAIIEL	=	24999.99311000
RLLERCAKL	=	24999.99311000
IVKQRRWKL	=	24999.99311000
RMKMRRPHL	=	24999.99311000
FMSMVSHEL	=	24999.99311000
LTFGWCFKL	=	24999.99311000
RQNAPFEPI	=	24999.99311000
FMAAFYRVM	=	24999.99311000
FLRKRRRFF	=	24999.99311000
FLKNRFEAL	=	24999.99311000
RRRRRRAAL	=	24999.99311000
EIYRTLYGL	=	24999.99311000
RVMAIFMAL	=	24999.99311000
MLKLRQARL	=	24999.99311000
FEANALSVI	=	24999.99311000
FARERRLAL	=	24999.99311000
ETLWSPWKL	=	24999.99311000
ETLETLLLL	=	24999.99311000
SLKHRQYVF	=	24999.99311000
ETKKTMLAL	=	24999.99311000
ETHDRGFAM	=	24999.99311000
EMKLRQKQL	=	24999.99311000
ELLNILTEL	=	24999.99311000
ELLEPLYDV	=	24999.99311000
VMAPRTLVL	=	24999.99311000
WMRGRGRAL	=	24999.99311000
YLMAWKQVL	=	24999.99311000
YLMPYSVYI	=	24999.99311000
YLQQNTHTL	=	24999.99311000
YLREHIRAM	=	24999.99311000
YLYASFCTV	=	24999.99311000
RKKLRPRWL	=	24999.99311000
YMHGSIHEV	=	24999.99311000
DLKLVDVKL	=	24999.99311000
AELTGYGTV	=	24999.99311000
RVYAHVRSV	=	24999.99311000
YAMAIRQAI	=	24999.99311000
