EEISSIISL	=	31.00015026
AEMVAKYDL	=	36.00008817
EEQQSMLAL	=	40.00019738
GQFNRYAAM	=	54.99994048
EEITPHCAL	=	56.99982463
ELKRQLADL	=	160.99940570
SENDRLRLL	=	403.00118870
RMAMIPRTL	=	427.99825500
MQQGRFPPL	=	604.00204270
IEIARTLTL	=	846.99572820
KQWIVAGAI	=	1302.99430300
EAQERISAL	=	1680.99208600
TMKRKRLFL	=	2966.00796900
TMMRHRREL	=	4679.01046700
RQNLSSSEL	=	5463.97939300
GQLASMVKL	=	6060.01217600
ELRRRLPLF	=	8671.96427700
YMKERFTVL	=	9292.03861100
REAKATRPL	=	10443.94511000
ETIGLVRAL	=	11777.96169000
KQSSFLSSL	=	16305.01399000
ELLDHLLLF	=	18374.94291000
YQAYAAPQL	=	23315.04357000
KLQERLAKL	=	24999.99311000
LTFGWCFKL	=	24999.99311000
RQNAPFEPI	=	24999.99311000
FMAAFYRVM	=	24999.99311000
RRRRRRAAL	=	24999.99311000
ETKKTMLAL	=	24999.99311000
ELLNILTEL	=	24999.99311000
YLYASFCTV	=	24999.99311000
YMHGSIHEV	=	24999.99311000
