FLDKGTYTL	=	1.00000000
MSDWGHITV	=	1.00000000
FTDNNELEF	=	1.00000000
FADSDNIAM	=	1.00000000
RADEINAIL	=	1.20710678
VLDEPSIGL	=	2.00000000
VTNDGVIFF	=	3.00000000
MSDIFHALV	=	3.00000000
HADDIPVPV	=	4.00000000
LLDEPTNNL	=	7.00000000
SSDDFALIV	=	16.00000000
ILDTGTIQL	=	19.00000000
YVLNGYTEF	=	37.00000000
KTADVTVVF	=	60.00000000
YAAPQLFPV	=	65.00000000
YNDWEGNEL	=	95.00000000
YFDPANGKF	=	109.00000000
RAMRMVYYL	=	124.24949800
VSDQANHVL	<	500.00000000
IIEQIQPAI	<	500.00000000
VGDPHTVTV	<	500.00000000
ASDHAPHTL	<	500.00000000
TSDDVAKEF	<	500.00000000
LLETPEGCL	<	500.00000000
FAYKTGSSM	=	1481.00000000
RATQPAAEF	=	1741.00000000
LMMNGTSAM	=	3098.00000000
MTIGMANLI	=	20000.00000000
MPWLTTGPM	=	20000.00000000
QYDVPMVSF	=	20000.00000000
MPVSIPTPI	=	20000.00000000
YVIKKSSPL	=	20000.00000000
LPFHNVHPL	=	20000.00000000
IPAEMLASI	=	20000.00000000
LPLMMLSPL	=	20000.00000000
VLASGPGPF	=	20000.00000000
FPSVFINPV	=	20000.00000000
FPIGKLTLL	=	20000.00000000
YKACHNSEL	=	20000.00000000
WTFTPTTPL	=	20000.00000000
FPAPRAETL	=	20000.00000000
MPYAAHDPI	=	20000.00000000
VALSEQGEF	=	20000.00000000
YMYRVWSPL	=	20000.00000000
MFAVGTWMM	=	20000.00000000
