WSDLNTTDF	=	1.00000000
YTDLTYQSF	=	1.00000000
FVDTMSIYI	=	2.00000000
YAYEPGSVM	=	2.00000000
LLDSGTTSI	=	3.00000000
MSNEGSYFF	=	6.24037035
LLDEPTNHL	=	8.00000000
LTDSSTLLV	=	8.00000000
FSDLCNFLI	=	9.24341649
FVAEGDALV	=	14.24568838
ITDWLNFTL	=	213.24970725
SLDDYNHLV	=	278.00000000
NTDDFPLTL	=	360.00000000
YTLNNGVAM	=	479.24986965
IIDKSGFAV	<	500.00000000
IIDKSGGGV	<	500.00000000
IIDKSGKAV	<	500.00000000
IIDKSGRAV	<	500.00000000
IIDKSGSAV	<	500.00000000
IIDKSGSTV	<	500.00000000
IVDKSGAAL	<	500.00000000
IIDKSGAAV	<	500.00000000
ASDDGTVRI	<	500.00000000
NADGKIISL	<	500.00000000
YAMAIRQAI	=	2229.00000000
MAAAAFPAL	=	2248.00000000
YPMSIPATL	=	2925.00000000
FAMRLLQAV	=	3166.00000000
YMREVGAAL	=	3261.00000000
IFDDLQGSL	=	3839.00000000
FTASVSTVV	=	3951.00000000
FSYNVAYAI	=	4963.24998750
LPMIIGEPI	=	20000.00000000
FPRYPLNVL	=	20000.00000000
LMMSSPPPI	=	20000.00000000
FTIGNMFSL	=	20000.00000000
FPPTSFGPL	=	20000.00000000
ASMDNTSPM	=	20000.00000000
FPMIIGSEL	=	20000.00000000
YAREAGIAM	=	20000.00000000
FPIKRISAV	=	20000.00000000
WMMAMRYPI	=	20000.00000000
VPFVSVNPI	=	20000.00000000
YPQLSAIAL	=	20000.00000000
YPSLMSRVV	=	20000.00000000
