YLDYDTIYV	=	1.00000000
FLDPHPYYV	=	1.00000000
RQDEVGTPF	=	1.20710678
YADHGANQL	=	1.20710678
ISDSAQNMM	=	3.00000000
YSDIFNNVL	=	5.00000000
VTDTALAYF	=	5.23861279
LSEEANWAF	=	5.23861279
LSDLCNFLV	=	13.00000000
YLDAIQQPV	=	25.00000000
SLDQSVVEL	=	51.24878638
LYDAVAALF	=	73.24914965
IIDKSGSEV	<	500.00000000
TAEHPGTRL	<	500.00000000
ITASRFKEL	<	500.00000000
GSDPRVTQL	<	500.00000000
MADRGEARL	<	500.00000000
SAEKAPVSV	<	500.00000000
RAEQATQDV	<	500.00000000
QGDAVVLKI	<	500.00000000
NADTVSSKL	<	500.00000000
YVDEHGTRL	<	500.00000000
AADKIHSSF	<	500.00000000
RAQDPPPEL	=	663.00000000
RAWDPQPAM	=	1878.00000000
LVMAPRTVL	=	2035.00000000
FRDEAGAIL	=	2208.24997150
FTMRLLSPV	=	2293.00000000
FPMAVKLFI	=	2316.00000000
FLAVGGVLL	=	4176.00000000
YSAWGGYNL	=	4177.00000000
MPFIATPPV	=	20000.00000000
MVRVLTVI	>	20000.00000000
MPMSMPIPM	=	20000.00000000
TFDVAPSRL	=	20000.00000000
MMMGMFNML	=	20000.00000000
FPSVFINPI	=	20000.00000000
YMRERFEPM	=	20000.00000000
FFNVEIPEF	=	20000.00000000
YARRYFYPL	=	20000.00000000
RMMETWHPL	=	20000.00000000
MAMGILHTI	=	20000.00000000
YMKPGSSPL	=	20000.00000000
YPRNGWPAL	=	20000.00000000
