SADPLASLL	=	1.00000000
FAMTVPLLI	=	1.20710678
YVDIIGLSV	=	2.00000000
LMDENTYAM	=	7.00000000
LSDDSGLMV	=	7.24165739
YFDDVTAFL	=	14.00000000
TSDEIYMTF	=	16.00000000
RTADIGACM	=	25.00000000
NTDEIPELI	=	114.24945415
KIDDMIEEV	=	124.00000000
TSDYINTSL	=	210.00000000
FLMYPNNIF	=	266.24976550
RAMACSALI	=	347.00000000
IIDKSGAVV	<	500.00000000
IVDKSGREL	<	500.00000000
IVDKSGRTL	<	500.00000000
IVDRGSTNL	<	500.00000000
KSDERPVHI	<	500.00000000
SIDKTGENF	<	500.00000000
SADSKPIDV	<	500.00000000
VGDKPVSNF	<	500.00000000
NADAIVVKL	<	500.00000000
AADFEIGHF	<	500.00000000
AVDGSGTKF	<	500.00000000
FASASSYAI	=	866.00000000
SAEPVPLQL	<	1000.00000000
FVVDTTPPL	=	1103.00000000
FMYEGDTPL	=	2260.24997250
RAAEMDYIM	=	2941.00000000
MTACGRIVV	=	3942.00000000
MTYLDGHPV	=	20000.00000000
MPMKGRFPI	=	20000.00000000
LPFQNVHPV	=	20000.00000000
RYAYTSVEF	=	20000.00000000
VYAPAGVEL	=	20000.00000000
MPYHGYHII	=	20000.00000000
KAAETYHVF	=	20000.00000000
LPFQNIHPI	=	20000.00000000
VPAMFTAAL	=	20000.00000000
RAMKALSSI	=	20000.00000000
APYMVGDVI	=	20000.00000000
YTITSLFSL	=	20000.00000000
YTFTSLFSL	=	20000.00000000
FAFKLSFAI	=	20000.00000000
YPFHIFYPV	=	20000.00000000
YPIVKGFAV	=	20000.00000000
