VADEIAFGL	=	1.00000000
FVDVGVSAL	=	1.00000000
VTDEGTSSF	=	1.00000000
ASDYSQGAF	=	1.00000000
MSDIFASEV	=	1.00000000
KSDDVEGRF	=	1.00000000
FAANPNSQV	=	2.22474487
KVDDTFYYV	=	3.00000000
VLSDINAVF	=	9.00000000
AFDIASVFF	=	124.00000000
YLAEGHACL	=	151.00000000
IIDKSGATV	<	500.00000000
IIDKSGAYV	<	500.00000000
CTERQANFL	<	500.00000000
IVDRPVTLV	<	500.00000000
KYFDEHYEY	<	500.00000000
TQDVKNWMT	<	500.00000000
IIDKSGLAV	<	500.00000000
AGDDAPAAV	<	500.00000000
AGDDAPRAV	<	500.00000000
RYRPGTVAL	<	500.00000000
AADHYSQQM	<	500.00000000
AADGKGVVV	<	500.00000000
IIDKSGEEV	<	500.00000000
AAAANTTAL	=	1683.00000000
MAWERGPAL	=	1768.24996450
IAAPNMIAV	=	2172.24997100
YALATQVEF	=	2654.00000000
YSQGAFTPL	=	3076.24997950
YMLDMTFPV	=	3433.24998200
WMYEGKHVL	=	20000.00000000
MPAYIRNTL	=	20000.00000000
MPVWLPIVI	=	20000.00000000
FVDVIIIKV	=	20000.00000000
FTRMVVAAL	=	20000.00000000
RATSHVPEF	=	20000.00000000
AAAVAYPEL	=	20000.00000000
FMFDYIPPV	=	20000.00000000
YSFSRAYTL	=	20000.00000000
WMYYPRSPV	=	20000.00000000
FPPGTSLTI	=	20000.00000000
YPYQLMLSL	=	20000.00000000
YQLEMYHPI	=	20000.00000000
YPDRLRLSV	=	20000.00000000
MMMPMFNAF	=	20000.00000000
