MGFGHRIYK	=	77.00001126
ITFQSILGY	=	175.99928070
SSSLTSLLK	=	187.99911900
VSWKPWSSK	=	219.00003480
RVFGFRTAK	=	240.99940560
FTFKVNSVK	=	317.00030320
SSNVANYQK	=	379.99818480
LSARHASGK	=	468.00025810
RSLGLRAEK	=	472.00237290
YTFEPHYFY	=	715.99652550
LTFLHTLYK	=	727.00343440
GIVSSMHYK	=	917.00490740
FSFEIALLK	=	988.99470250
VILYFMYRK	=	1038.00240900
CVFKFIVAK	=	1063.99651800
MSSAAHLLY	=	1141.00134100
RVFNNYMPY	=	1218.00518700
ASFAAQLFY	=	1275.99804800
RMMGKNIFY	=	2278.00691000
HTIFDFLAY	=	2348.99080200
YSHYSHNPK	=	2764.01075200
MSWESTAEY	=	4455.01208800
VVYRGTTTY	=	6161.03282900
TTFPVNGGY	=	12033.00503000
MIYNSFNPY	=	24999.99311000
MMAWRMMRY	=	24999.99311000
MVFQNYALY	=	24999.99311000
RTWAYHGSY	=	24999.99311000
HTSALSLGY	=	24999.99311000
KTWAYHGSY	=	24999.99311000
YTAVVPLVY	=	24999.99311000
GMFSWNLAY	=	24999.99311000
YVYFYDLSY	=	24999.99311000
