FSFGDYFKK	=	134.00044690
RTLGVFRYK	=	189.79973710
RSYMSFWCK	=	207.00076390
MAIHRSLTK	=	215.99962500
GAMLVVAAK	=	223.99908040
LTLKGTSYK	=	251.99923520
TVMSSIYGK	=	285.00029370
KTMVAFIRK	=	312.00164990
RTMEVFTMY	=	332.00022380
TIHLATAPK	=	404.99881870
LSSSVPSQK	=	604.00204270
KAYKIISLK	=	624.99674370
AITTSNCAK	=	749.99798780
YTYPCIPEY	=	941.99500580
SRLKPSSFK	=	1567.00128800
STFATVLEY	=	1616.00470900
KSRCGSLGY	=	1806.00870700
LTMDREMLY	=	3300.99697900
YTLFVFTNK	=	3687.99882100
MVIFFMSPK	=	4502.98880300
GTFDLGGLY	=	6896.01177700
LFFPFGLFK	=	10392.99328000
KVSWRWMVY	=	10501.39413000
FTYAPAGMY	=	18024.05209000
HMMAVTLFY	=	21931.02132000
MVYKLWFKY	=	24999.99311000
RTWFHGSLY	=	24999.99311000
RTWNYHGSY	=	24999.99311000
YLRPYMHGY	=	24999.99311000
YRLVSAVEK	=	24999.99311000
AMYDPQTYY	=	24999.99311000
ATAWRTGGY	=	24999.99311000
HSNASTLLY	=	24999.99311000
HTAAPWGSY	=	24999.99311000
