FSFGGFTFK	=	58.00019627
GSYFSGFYK	=	116.00042450
SSYRMGINK	=	132.99945470
FSFGDYFKK	=	134.00044690
VGYYTFHPK	=	136.00007150
YTIGIGAFY	=	136.99992810
SSYAAAQRK	=	153.00024420
AIFGQTGPK	=	162.00065950
RTLASGLIY	=	175.00047790
LSMFVTNKK	=	175.99928070
STMRRMALR	=	178.99903270
RTLGVFRYK	=	189.79973710
RSYMSFWCK	=	207.00076390
STIVWSSRY	=	213.00114000
MAIHRSLTK	=	215.99962500
GAMLVVAAK	=	223.99908040
SSKMFNYFK	=	234.00006460
FTFDLTALK	=	244.00099270
LTLKGTSYK	=	251.99923520
WILDRLFFK	=	272.99972080
TVMSSIYGK	=	285.00029370
GTFKSVAVK	=	285.00029370
ASLPTTIAK	=	306.99876580
KTMVAFIRK	=	312.00164990
RTMEVFTMY	=	332.00022380
VSIRGSHHK	=	345.99860270
MTMLIKAFK	=	348.99895210
KGFFRVFKK	=	365.99975540
VSGFISFFK	=	389.00044050
TIHLATAPK	=	404.99881870
ASYQFQLPY	=	409.00170660
ITYLMNRFK	=	411.99972380
AVLQSGFRK	=	412.99946990
ATIEAVLAK	=	415.00175550
WSFYRVVVK	=	437.00138820
KTYYHHTGY	=	458.99868510
AAMVLLLRK	=	483.00128830
RAFKYPFIK	=	488.00211990
VVMQVKVPK	=	504.99752500
LSYMIGMNY	=	545.00212090
YTFCGTIEY	=	601.99907450
LSSSVPSQK	=	604.00204270
HTFTAPIAK	=	619.99918540
MTMPLSCTK	=	623.99672030
KAYKIISLK	=	624.99674370
STYCSTIQK	=	637.99884800
SSWNSAHEK	=	659.99670530
RVIYPANQK	=	670.99887770
FTFERSKIK	=	682.99685930
ATFEAVLAK	=	706.00366050
AITTSNCAK	=	749.99798780
AARISSCLK	=	773.99614900
ASAAHLAAY	=	776.00023660
KIMDYGKYK	=	827.00073250
KSYEHQTPF	=	921.99919690
RVLGRVLPY	=	940.99670180
YTYPCIPEY	=	941.99500580
IIYYQLAGY	=	1043.00095000
LIAATAITK	=	1116.99872900
SVFEGIRAY	=	1152.00440900
RTLDTLALY	=	1197.99502600
LIAPRGYFK	=	1330.00037700
GTYKRVTEK	=	1337.99654900
VSYAAAAAY	=	1377.00481100
TGHPWITFK	=	1453.00076800
RLYPFGSYY	=	1512.00544300
SSMNSFLLY	=	1550.00390300
SRLKPSSFK	=	1567.00128800
STFATVLEY	=	1616.00470900
ASYAAAAAY	=	1736.00033000
VSNAVRHAK	=	1800.00021600
KSRCGSLGY	=	1806.00870700
ITYTDVLRY	=	1907.99182900
SAYERGLRY	=	1942.99096100
VTFQGKFKK	=	2015.99554900
KVYKTYFEK	=	2123.99114200
ASYAGAGAY	=	2132.99579100
STMPLSWMY	=	2181.99191300
LSHCWPWFK	=	2335.00322500
MIYMGLWLK	=	2452.99121000
VSFNQNLEY	=	2526.00903600
RVYNNTARY	=	2538.99713900
GTHPTTTYK	=	2558.99221500
ITYGACPRY	=	2762.00777700
YSYIFLSSY	=	2844.99350400
GGHGGSTFK	=	2977.00361000
MGFPSLATK	=	3118.00535000
LTMDREMLY	=	3300.99697900
TTHKVIFSK	=	3612.99557400
YTLFVFTNK	=	3687.99882100
STFTFPGIY	=	4046.98347500
YAYNSSLLY	=	4497.00006400
MVIFFMSPK	=	4502.98880300
YTSDYFISY	=	5096.98636200
GTFDLGGLY	=	6896.01177700
TIDGFAPFK	=	7651.98116000
VSNRCPICK	=	9129.00596400
KMFNRASYF	=	9442.95178200
STMPGGYTY	=	9507.02483300
LFFPFGLFK	=	10392.99328000
KVSWRWMVY	=	10501.39413000
MLYPRVWPY	=	12387.97244000
RVYLQGHGY	=	12958.01707000
STYQPLPLY	=	14125.94570000
YTASVVAAY	=	14933.95840000
RTNGASYAY	=	17816.97350000
FTYAPAGMY	=	18024.05209000
HMMAVTLFY	=	21931.02132000
LTVNGRPLK	=	24999.99311000
MTAASYARY	=	24999.99311000
MTRVTNNVY	=	24999.99311000
MVYKLWFKY	=	24999.99311000
RLYYDSMSY	=	24999.99311000
LTAHYCFLY	=	24999.99311000
RTWFHGSLY	=	24999.99311000
RTWHYCGSY	=	24999.99311000
RTWNYHGSY	=	24999.99311000
RVFYFAIFY	=	24999.99311000
QTYMYTGQY	=	24999.99311000
KVFFGPIYY	=	24999.99311000
VTFFCVMTY	=	24999.99311000
YLRPYMHGY	=	24999.99311000
YTYATRGIY	=	24999.99311000
VVYKEAKIK	=	24999.99311000
YRLVSAVEK	=	24999.99311000
MTTSMTMSY	=	24999.99311000
RVHFHRFMY	=	24999.99311000
AMYDPQTYY	=	24999.99311000
ATAWRTGGY	=	24999.99311000
FTFWTFANY	=	24999.99311000
HSNASTLLY	=	24999.99311000
HTAAPWGSY	=	24999.99311000
SVIDHIHYM	=	24999.99311000
KVFDKSLLY	=	24999.99311000
