FSFGGFTFK	=	58.00019627
GSYFSGFYK	=	116.00042450
SSYRMGINK	=	132.99945470
FTFDLTALK	=	244.00099270
ASLPTTIAK	=	306.99876580
VSIRGSHHK	=	345.99860270
MTMLIKAFK	=	348.99895210
VSGFISFFK	=	389.00044050
ITYLMNRFK	=	411.99972380
VVMQVKVPK	=	504.99752500
SSWNSAHEK	=	659.99670530
RVIYPANQK	=	670.99887770
ATFEAVLAK	=	706.00366050
AARISSCLK	=	773.99614900
ASAAHLAAY	=	776.00023660
SVFEGIRAY	=	1152.00440900
RTLDTLALY	=	1197.99502600
GTYKRVTEK	=	1337.99654900
RLYPFGSYY	=	1512.00544300
ASYAAAAAY	=	1736.00033000
RVYNNTARY	=	2538.99713900
TTHKVIFSK	=	3612.99557400
STFTFPGIY	=	4046.98347500
VSNRCPICK	=	9129.00596400
KMFNRASYF	=	9442.95178200
MLYPRVWPY	=	12387.97244000
MTAASYARY	=	24999.99311000
MTRVTNNVY	=	24999.99311000
RLYYDSMSY	=	24999.99311000
KVFFGPIYY	=	24999.99311000
YTYATRGIY	=	24999.99311000
FTFWTFANY	=	24999.99311000
KVFDKSLLY	=	24999.99311000
