VGYYTFHPK	=	136.00007150
SSYAAAQRK	=	153.00024420
AIFGQTGPK	=	162.00065950
RTLASGLIY	=	175.00047790
WILDRLFFK	=	272.99972080
GTFKSVAVK	=	285.00029370
KGFFRVFKK	=	365.99975540
AVLQSGFRK	=	412.99946990
RAFKYPFIK	=	488.00211990
HTFTAPIAK	=	619.99918540
MTMPLSCTK	=	623.99672030
STYCSTIQK	=	637.99884800
KIMDYGKYK	=	827.00073250
RVLGRVLPY	=	940.99670180
IIYYQLAGY	=	1043.00095000
LIAPRGYFK	=	1330.00037700
VSYAAAAAY	=	1377.00481100
SAYERGLRY	=	1942.99096100
KVYKTYFEK	=	2123.99114200
LSHCWPWFK	=	2335.00322500
GTHPTTTYK	=	2558.99221500
YSYIFLSSY	=	2844.99350400
GGHGGSTFK	=	2977.00361000
MGFPSLATK	=	3118.00535000
YAYNSSLLY	=	4497.00006400
TIDGFAPFK	=	7651.98116000
STMPGGYTY	=	9507.02483300
RTWHYCGSY	=	24999.99311000
RVFYFAIFY	=	24999.99311000
VTFFCVMTY	=	24999.99311000
VVYKEAKIK	=	24999.99311000
MTTSMTMSY	=	24999.99311000
SVIDHIHYM	=	24999.99311000
