FSFGGFTFK	=	58.00019627
MGFGHRIYK	=	77.00001126
GSYFSGFYK	=	116.00042450
SSYRMGINK	=	132.99945470
VGYYTFHPK	=	136.00007150
YTIGIGAFY	=	136.99992810
SSYAAAQRK	=	153.00024420
AIFGQTGPK	=	162.00065950
RTLASGLIY	=	175.00047790
LSMFVTNKK	=	175.99928070
ITFQSILGY	=	175.99928070
STMRRMALR	=	178.99903270
SSSLTSLLK	=	187.99911900
STIVWSSRY	=	213.00114000
VSWKPWSSK	=	219.00003480
SSKMFNYFK	=	234.00006460
RVFGFRTAK	=	240.99940560
FTFDLTALK	=	244.00099270
WILDRLFFK	=	272.99972080
GTFKSVAVK	=	285.00029370
ASLPTTIAK	=	306.99876580
FTFKVNSVK	=	317.00030320
VSIRGSHHK	=	345.99860270
MTMLIKAFK	=	348.99895210
KGFFRVFKK	=	365.99975540
SSNVANYQK	=	379.99818480
VSGFISFFK	=	389.00044050
ASYQFQLPY	=	409.00170660
ITYLMNRFK	=	411.99972380
AVLQSGFRK	=	412.99946990
ATIEAVLAK	=	415.00175550
WSFYRVVVK	=	437.00138820
KTYYHHTGY	=	458.99868510
LSARHASGK	=	468.00025810
RSLGLRAEK	=	472.00237290
AAMVLLLRK	=	483.00128830
RAFKYPFIK	=	488.00211990
VVMQVKVPK	=	504.99752500
LSYMIGMNY	=	545.00212090
YTFCGTIEY	=	601.99907450
HTFTAPIAK	=	619.99918540
MTMPLSCTK	=	623.99672030
STYCSTIQK	=	637.99884800
SSWNSAHEK	=	659.99670530
RVIYPANQK	=	670.99887770
FTFERSKIK	=	682.99685930
ATFEAVLAK	=	706.00366050
YTFEPHYFY	=	715.99652550
LTFLHTLYK	=	727.00343440
AARISSCLK	=	773.99614900
ASAAHLAAY	=	776.00023660
KIMDYGKYK	=	827.00073250
GIVSSMHYK	=	917.00490740
KSYEHQTPF	=	921.99919690
RVLGRVLPY	=	940.99670180
FSFEIALLK	=	988.99470250
VILYFMYRK	=	1038.00240900
IIYYQLAGY	=	1043.00095000
CVFKFIVAK	=	1063.99651800
LIAATAITK	=	1116.99872900
MSSAAHLLY	=	1141.00134100
SVFEGIRAY	=	1152.00440900
RTLDTLALY	=	1197.99502600
RVFNNYMPY	=	1218.00518700
ASFAAQLFY	=	1275.99804800
LIAPRGYFK	=	1330.00037700
GTYKRVTEK	=	1337.99654900
VSYAAAAAY	=	1377.00481100
TGHPWITFK	=	1453.00076800
RLYPFGSYY	=	1512.00544300
SSMNSFLLY	=	1550.00390300
ASYAAAAAY	=	1736.00033000
VSNAVRHAK	=	1800.00021600
ITYTDVLRY	=	1907.99182900
SAYERGLRY	=	1942.99096100
VTFQGKFKK	=	2015.99554900
KVYKTYFEK	=	2123.99114200
ASYAGAGAY	=	2132.99579100
STMPLSWMY	=	2181.99191300
RMMGKNIFY	=	2278.00691000
LSHCWPWFK	=	2335.00322500
HTIFDFLAY	=	2348.99080200
MIYMGLWLK	=	2452.99121000
VSFNQNLEY	=	2526.00903600
RVYNNTARY	=	2538.99713900
GTHPTTTYK	=	2558.99221500
ITYGACPRY	=	2762.00777700
YSHYSHNPK	=	2764.01075200
YSYIFLSSY	=	2844.99350400
GGHGGSTFK	=	2977.00361000
MGFPSLATK	=	3118.00535000
TTHKVIFSK	=	3612.99557400
STFTFPGIY	=	4046.98347500
MSWESTAEY	=	4455.01208800
YAYNSSLLY	=	4497.00006400
YTSDYFISY	=	5096.98636200
VVYRGTTTY	=	6161.03282900
TIDGFAPFK	=	7651.98116000
VSNRCPICK	=	9129.00596400
KMFNRASYF	=	9442.95178200
STMPGGYTY	=	9507.02483300
TTFPVNGGY	=	12033.00503000
MLYPRVWPY	=	12387.97244000
RVYLQGHGY	=	12958.01707000
STYQPLPLY	=	14125.94570000
YTASVVAAY	=	14933.95840000
RTNGASYAY	=	17816.97350000
LTVNGRPLK	=	24999.99311000
MIYNSFNPY	=	24999.99311000
MMAWRMMRY	=	24999.99311000
MTAASYARY	=	24999.99311000
MTRVTNNVY	=	24999.99311000
MVFQNYALY	=	24999.99311000
RTWAYHGSY	=	24999.99311000
RLYYDSMSY	=	24999.99311000
LTAHYCFLY	=	24999.99311000
RTWHYCGSY	=	24999.99311000
RVFYFAIFY	=	24999.99311000
QTYMYTGQY	=	24999.99311000
KVFFGPIYY	=	24999.99311000
HTSALSLGY	=	24999.99311000
KTWAYHGSY	=	24999.99311000
VTFFCVMTY	=	24999.99311000
YTAVVPLVY	=	24999.99311000
YTYATRGIY	=	24999.99311000
VVYKEAKIK	=	24999.99311000
MTTSMTMSY	=	24999.99311000
RVHFHRFMY	=	24999.99311000
FTFWTFANY	=	24999.99311000
GMFSWNLAY	=	24999.99311000
SVIDHIHYM	=	24999.99311000
KVFDKSLLY	=	24999.99311000
YVYFYDLSY	=	24999.99311000
