FSFGGFTFK	=	58.00019627
MGFGHRIYK	=	77.00001126
GSYFSGFYK	=	116.00042450
SSYRMGINK	=	132.99945470
FSFGDYFKK	=	134.00044690
VGYYTFHPK	=	136.00007150
SSYAAAQRK	=	153.00024420
AIFGQTGPK	=	162.00065950
RTLASGLIY	=	175.00047790
ITFQSILGY	=	175.99928070
SSSLTSLLK	=	187.99911900
RTLGVFRYK	=	189.79973710
RSYMSFWCK	=	207.00076390
MAIHRSLTK	=	215.99962500
VSWKPWSSK	=	219.00003480
GAMLVVAAK	=	223.99908040
RVFGFRTAK	=	240.99940560
FTFDLTALK	=	244.00099270
LTLKGTSYK	=	251.99923520
WILDRLFFK	=	272.99972080
TVMSSIYGK	=	285.00029370
GTFKSVAVK	=	285.00029370
ASLPTTIAK	=	306.99876580
KTMVAFIRK	=	312.00164990
FTFKVNSVK	=	317.00030320
RTMEVFTMY	=	332.00022380
VSIRGSHHK	=	345.99860270
MTMLIKAFK	=	348.99895210
KGFFRVFKK	=	365.99975540
SSNVANYQK	=	379.99818480
VSGFISFFK	=	389.00044050
TIHLATAPK	=	404.99881870
ITYLMNRFK	=	411.99972380
AVLQSGFRK	=	412.99946990
LSARHASGK	=	468.00025810
RSLGLRAEK	=	472.00237290
RAFKYPFIK	=	488.00211990
VVMQVKVPK	=	504.99752500
LSSSVPSQK	=	604.00204270
HTFTAPIAK	=	619.99918540
MTMPLSCTK	=	623.99672030
KAYKIISLK	=	624.99674370
STYCSTIQK	=	637.99884800
SSWNSAHEK	=	659.99670530
RVIYPANQK	=	670.99887770
ATFEAVLAK	=	706.00366050
YTFEPHYFY	=	715.99652550
LTFLHTLYK	=	727.00343440
AITTSNCAK	=	749.99798780
AARISSCLK	=	773.99614900
ASAAHLAAY	=	776.00023660
KIMDYGKYK	=	827.00073250
GIVSSMHYK	=	917.00490740
RVLGRVLPY	=	940.99670180
YTYPCIPEY	=	941.99500580
FSFEIALLK	=	988.99470250
VILYFMYRK	=	1038.00240900
IIYYQLAGY	=	1043.00095000
CVFKFIVAK	=	1063.99651800
MSSAAHLLY	=	1141.00134100
SVFEGIRAY	=	1152.00440900
RTLDTLALY	=	1197.99502600
RVFNNYMPY	=	1218.00518700
ASFAAQLFY	=	1275.99804800
LIAPRGYFK	=	1330.00037700
GTYKRVTEK	=	1337.99654900
VSYAAAAAY	=	1377.00481100
RLYPFGSYY	=	1512.00544300
SRLKPSSFK	=	1567.00128800
STFATVLEY	=	1616.00470900
ASYAAAAAY	=	1736.00033000
KSRCGSLGY	=	1806.00870700
SAYERGLRY	=	1942.99096100
KVYKTYFEK	=	2123.99114200
RMMGKNIFY	=	2278.00691000
LSHCWPWFK	=	2335.00322500
HTIFDFLAY	=	2348.99080200
RVYNNTARY	=	2538.99713900
GTHPTTTYK	=	2558.99221500
YSHYSHNPK	=	2764.01075200
YSYIFLSSY	=	2844.99350400
GGHGGSTFK	=	2977.00361000
MGFPSLATK	=	3118.00535000
LTMDREMLY	=	3300.99697900
TTHKVIFSK	=	3612.99557400
YTLFVFTNK	=	3687.99882100
STFTFPGIY	=	4046.98347500
MSWESTAEY	=	4455.01208800
YAYNSSLLY	=	4497.00006400
MVIFFMSPK	=	4502.98880300
VVYRGTTTY	=	6161.03282900
GTFDLGGLY	=	6896.01177700
TIDGFAPFK	=	7651.98116000
VSNRCPICK	=	9129.00596400
KMFNRASYF	=	9442.95178200
STMPGGYTY	=	9507.02483300
LFFPFGLFK	=	10392.99328000
KVSWRWMVY	=	10501.39413000
TTFPVNGGY	=	12033.00503000
MLYPRVWPY	=	12387.97244000
FTYAPAGMY	=	18024.05209000
HMMAVTLFY	=	21931.02132000
MIYNSFNPY	=	24999.99311000
MMAWRMMRY	=	24999.99311000
MTAASYARY	=	24999.99311000
MTRVTNNVY	=	24999.99311000
MVFQNYALY	=	24999.99311000
MVYKLWFKY	=	24999.99311000
RTWAYHGSY	=	24999.99311000
RLYYDSMSY	=	24999.99311000
RTWFHGSLY	=	24999.99311000
RTWHYCGSY	=	24999.99311000
RTWNYHGSY	=	24999.99311000
RVFYFAIFY	=	24999.99311000
KVFFGPIYY	=	24999.99311000
HTSALSLGY	=	24999.99311000
KTWAYHGSY	=	24999.99311000
VTFFCVMTY	=	24999.99311000
YLRPYMHGY	=	24999.99311000
YTAVVPLVY	=	24999.99311000
YTYATRGIY	=	24999.99311000
VVYKEAKIK	=	24999.99311000
YRLVSAVEK	=	24999.99311000
MTTSMTMSY	=	24999.99311000
AMYDPQTYY	=	24999.99311000
ATAWRTGGY	=	24999.99311000
FTFWTFANY	=	24999.99311000
GMFSWNLAY	=	24999.99311000
HSNASTLLY	=	24999.99311000
HTAAPWGSY	=	24999.99311000
SVIDHIHYM	=	24999.99311000
KVFDKSLLY	=	24999.99311000
YVYFYDLSY	=	24999.99311000
