FSFGGFTFK	=	58.00019627
MGFGHRIYK	=	77.00001126
GSYFSGFYK	=	116.00042450
SSYRMGINK	=	132.99945470
FSFGDYFKK	=	134.00044690
YTIGIGAFY	=	136.99992810
LSMFVTNKK	=	175.99928070
ITFQSILGY	=	175.99928070
STMRRMALR	=	178.99903270
SSSLTSLLK	=	187.99911900
RTLGVFRYK	=	189.79973710
RSYMSFWCK	=	207.00076390
STIVWSSRY	=	213.00114000
MAIHRSLTK	=	215.99962500
VSWKPWSSK	=	219.00003480
GAMLVVAAK	=	223.99908040
SSKMFNYFK	=	234.00006460
RVFGFRTAK	=	240.99940560
FTFDLTALK	=	244.00099270
LTLKGTSYK	=	251.99923520
TVMSSIYGK	=	285.00029370
ASLPTTIAK	=	306.99876580
KTMVAFIRK	=	312.00164990
FTFKVNSVK	=	317.00030320
RTMEVFTMY	=	332.00022380
VSIRGSHHK	=	345.99860270
MTMLIKAFK	=	348.99895210
SSNVANYQK	=	379.99818480
VSGFISFFK	=	389.00044050
TIHLATAPK	=	404.99881870
ASYQFQLPY	=	409.00170660
ITYLMNRFK	=	411.99972380
ATIEAVLAK	=	415.00175550
WSFYRVVVK	=	437.00138820
KTYYHHTGY	=	458.99868510
LSARHASGK	=	468.00025810
RSLGLRAEK	=	472.00237290
AAMVLLLRK	=	483.00128830
VVMQVKVPK	=	504.99752500
LSYMIGMNY	=	545.00212090
YTFCGTIEY	=	601.99907450
LSSSVPSQK	=	604.00204270
KAYKIISLK	=	624.99674370
SSWNSAHEK	=	659.99670530
RVIYPANQK	=	670.99887770
FTFERSKIK	=	682.99685930
ATFEAVLAK	=	706.00366050
YTFEPHYFY	=	715.99652550
LTFLHTLYK	=	727.00343440
AITTSNCAK	=	749.99798780
AARISSCLK	=	773.99614900
ASAAHLAAY	=	776.00023660
GIVSSMHYK	=	917.00490740
KSYEHQTPF	=	921.99919690
YTYPCIPEY	=	941.99500580
FSFEIALLK	=	988.99470250
VILYFMYRK	=	1038.00240900
CVFKFIVAK	=	1063.99651800
LIAATAITK	=	1116.99872900
MSSAAHLLY	=	1141.00134100
SVFEGIRAY	=	1152.00440900
RTLDTLALY	=	1197.99502600
RVFNNYMPY	=	1218.00518700
ASFAAQLFY	=	1275.99804800
GTYKRVTEK	=	1337.99654900
TGHPWITFK	=	1453.00076800
RLYPFGSYY	=	1512.00544300
SSMNSFLLY	=	1550.00390300
SRLKPSSFK	=	1567.00128800
STFATVLEY	=	1616.00470900
ASYAAAAAY	=	1736.00033000
VSNAVRHAK	=	1800.00021600
KSRCGSLGY	=	1806.00870700
ITYTDVLRY	=	1907.99182900
VTFQGKFKK	=	2015.99554900
ASYAGAGAY	=	2132.99579100
STMPLSWMY	=	2181.99191300
RMMGKNIFY	=	2278.00691000
HTIFDFLAY	=	2348.99080200
MIYMGLWLK	=	2452.99121000
VSFNQNLEY	=	2526.00903600
RVYNNTARY	=	2538.99713900
ITYGACPRY	=	2762.00777700
YSHYSHNPK	=	2764.01075200
LTMDREMLY	=	3300.99697900
TTHKVIFSK	=	3612.99557400
YTLFVFTNK	=	3687.99882100
STFTFPGIY	=	4046.98347500
MSWESTAEY	=	4455.01208800
MVIFFMSPK	=	4502.98880300
YTSDYFISY	=	5096.98636200
VVYRGTTTY	=	6161.03282900
GTFDLGGLY	=	6896.01177700
VSNRCPICK	=	9129.00596400
KMFNRASYF	=	9442.95178200
LFFPFGLFK	=	10392.99328000
KVSWRWMVY	=	10501.39413000
TTFPVNGGY	=	12033.00503000
MLYPRVWPY	=	12387.97244000
RVYLQGHGY	=	12958.01707000
STYQPLPLY	=	14125.94570000
YTASVVAAY	=	14933.95840000
RTNGASYAY	=	17816.97350000
FTYAPAGMY	=	18024.05209000
HMMAVTLFY	=	21931.02132000
LTVNGRPLK	=	24999.99311000
MIYNSFNPY	=	24999.99311000
MMAWRMMRY	=	24999.99311000
MTAASYARY	=	24999.99311000
MTRVTNNVY	=	24999.99311000
MVFQNYALY	=	24999.99311000
MVYKLWFKY	=	24999.99311000
RTWAYHGSY	=	24999.99311000
RLYYDSMSY	=	24999.99311000
LTAHYCFLY	=	24999.99311000
RTWFHGSLY	=	24999.99311000
RTWNYHGSY	=	24999.99311000
QTYMYTGQY	=	24999.99311000
KVFFGPIYY	=	24999.99311000
HTSALSLGY	=	24999.99311000
KTWAYHGSY	=	24999.99311000
YLRPYMHGY	=	24999.99311000
YTAVVPLVY	=	24999.99311000
YTYATRGIY	=	24999.99311000
YRLVSAVEK	=	24999.99311000
RVHFHRFMY	=	24999.99311000
AMYDPQTYY	=	24999.99311000
ATAWRTGGY	=	24999.99311000
FTFWTFANY	=	24999.99311000
GMFSWNLAY	=	24999.99311000
HSNASTLLY	=	24999.99311000
HTAAPWGSY	=	24999.99311000
KVFDKSLLY	=	24999.99311000
YVYFYDLSY	=	24999.99311000
