YTIGIGAFY	=	136.99992810
LSMFVTNKK	=	175.99928070
STMRRMALR	=	178.99903270
STIVWSSRY	=	213.00114000
SSKMFNYFK	=	234.00006460
ASYQFQLPY	=	409.00170660
ATIEAVLAK	=	415.00175550
WSFYRVVVK	=	437.00138820
KTYYHHTGY	=	458.99868510
AAMVLLLRK	=	483.00128830
LSYMIGMNY	=	545.00212090
YTFCGTIEY	=	601.99907450
FTFERSKIK	=	682.99685930
KSYEHQTPF	=	921.99919690
LIAATAITK	=	1116.99872900
TGHPWITFK	=	1453.00076800
SSMNSFLLY	=	1550.00390300
VSNAVRHAK	=	1800.00021600
ITYTDVLRY	=	1907.99182900
VTFQGKFKK	=	2015.99554900
ASYAGAGAY	=	2132.99579100
STMPLSWMY	=	2181.99191300
MIYMGLWLK	=	2452.99121000
VSFNQNLEY	=	2526.00903600
ITYGACPRY	=	2762.00777700
YTSDYFISY	=	5096.98636200
RVYLQGHGY	=	12958.01707000
STYQPLPLY	=	14125.94570000
YTASVVAAY	=	14933.95840000
RTNGASYAY	=	17816.97350000
LTVNGRPLK	=	24999.99311000
LTAHYCFLY	=	24999.99311000
QTYMYTGQY	=	24999.99311000
RVHFHRFMY	=	24999.99311000
