FLWGPRALV	=	56.00000000
FIPSYDFPSV	=	74.13120000
FLPSDFFPSI	=	148.00000000
SLDSWWTSV	=	236.00000000
GLCTLVAML	<	500.00000000
FLPSDYKPSV	=	851.87600000
GMPEGDLVYV	=	1398.00000000
FLKSDYFPSV	=	2786.60500000
ETALALLLL	>	5000.00000000
LLLLDRLNQ	>	5000.00000000
TLGIVCPI	>	5000.00000000
AAPLILSRI	=	6640.00000000
YMIDPSGVSY	=	12725.03942100
FPPSDYFPSV	=	15333.20000000
FLPSDYFPSD	=	23000.00000000
WVDLRSLFL	=	26873.00000000
NLDRSNDKV	=	30000.00000000
LTDAVKVMDL	=	30000.00000000
QIPSYKKLI	=	30000.00000000
KQQQIHALF	=	37101.60042000
VTSPYTVEW	=	40740.01023050
KKQKFYALF	>	70121.95122000
