RLPLVLPAV	=	8.93333333
FLPSDKFPSV	=	12.85926667
FLPKDYFPSV	=	17.79743333
FLPSDYFPSV	=	23.00000000
FLPSKYFPSV	=	27.05293333
YLDLALMSV	=	44.00000000
FIPSDYFPSV	=	74.13120000
LLPFVQWFV	=	88.00000000
FLPSDYFKSV	=	92.00000000
YMDDVVLGV	=	92.00000000
KLPSDYFPSV	=	95.88332500
FLPSDYFPSL	=	100.00000000
YLLEMLWRL	<	100.00000000
FLPSDYFPSI	=	153.25825000
FLPSDYFPKV	=	164.19533333
FVPSDYFPSV	=	230.00000000
YVDRFYKTL	=	278.00000000
FQPSDYFPSV	=	433.98733333
YLEPAIAKY	<	500.00000000
GETALALLLLDRLNQ	<	500.00000000
WLSLLVPFV	=	548.00000000
RMPEAAPPV	=	548.00000000
FLPSDYFPST	=	851.87600000
FMVFLQTHI	<	1000.00000000
YLQLVFGIEV	=	1053.00000000
SLDLASLIL	=	1562.00000000
YLVAYQATV	=	2300.00000000
FLPSDYFPSP	=	2300.00000000
FFPSDYFPSV	=	2390.78750000
LVPFVQWFV	=	2526.00000000
KLPQLCTEL	=	2660.00000000
FTPSDYFPSV	=	2758.44750000
LLWKGEGAVV	=	4147.00000000
ALALLLLDRLN	>	5000.00000000
ETALALLLLD	>	5000.00000000
YMLDLQPETT	>	5000.00000000
FLPSDCFPSV	<	5000.00000000
YLLPRRGPRL	>	5000.00000000
GETALALLL	>	5000.00000000
GETALALLLL	>	5000.00000000
ETALALLLLDR	>	5000.00000000
ALALLLLDRL	>	5000.00000000
LALLLLDRLN	>	5000.00000000
ALALLLLDR	>	5000.00000000
VSFIEFVGW	>	5000.00000000
ALLLLDRLN	>	5000.00000000
GETALALLLLD	>	5000.00000000
LALLLLDRLNQ	>	5000.00000000
LALLLLDRL	>	5000.00000000
TALALLLLDRL	>	5000.00000000
TALALLLLDR	>	5000.00000000
KVFPYALINK	>	5000.00000000
IVGGVYLLPR	>	5000.00000000
TALALLLLD	>	5000.00000000
ALLLLDRLNQ	>	5000.00000000
ALDVYNGLL	=	5973.00000000
CILESLFRA	=	6483.00000000
KMQKEYALL	=	10585.28054000
YVIPHVHAF	=	13745.01471800
FLPSDYFPSF	=	14375.00000000
FLPSDYFPSQ	=	23000.00000000
FKPSDYFPSV	=	23000.00000000
FDPSDYFPSV	=	23000.00000000
FLPSDYFPSK	=	23000.00000000
ALAETSYVKV	=	23337.00000000
YTAFTIPSI	=	30000.00000000
LLFFWLDRSV	=	30000.00000000
TLPSWATEDT	=	30000.00000000
YLVTRHADV	=	30000.00000000
ILKEPVHGV	=	30000.00000000
QLDPARDVL	=	30000.00000000
GTIKGGEMK	=	36814.37514000
KQQNFYALF	=	36939.72619000
ITSQDVLYSW	=	40069.92964800
ISDSNPYLTQW	=	41804.24058100
TSIGDKMQK	=	48415.15198000
KMKEIAEAY	=	53383.93835900
SIRDGVRAY	=	60010.58249200
FIKDGSSTY	=	62722.26756033
KRQQVHALF	>	70121.95122000
KKQKVHALF	>	70121.95122000
KKQQVYALF	>	70121.95122000
KQQKVYALF	>	70121.95122000
RKQQISALF	>	70121.95122000
KQRKVQALF	>	70121.95122000
FAFVTDNTY	=	77700.00000000
VSYIEFVGW	>	77702.00000000
KAGQYVTIW	>	77702.00000000
