FLPSDKFPSV	=	12.85926667
FIPSDYFPSV	=	74.13120000
YMDDVVLGV	=	92.00000000
FLPSDYFPSL	=	100.00000000
FVPSDYFPSV	=	230.00000000
WLSLLVPFV	=	548.00000000
YLVAYQATV	=	2300.00000000
FLPSDYFPSP	=	2300.00000000
LVPFVQWFV	=	2526.00000000
LLWKGEGAVV	=	4147.00000000
ALALLLLDRLN	>	5000.00000000
VSFIEFVGW	>	5000.00000000
ALLLLDRLN	>	5000.00000000
LALLLLDRL	>	5000.00000000
TALALLLLDR	>	5000.00000000
ALLLLDRLNQ	>	5000.00000000
FLPSDYFPSQ	=	23000.00000000
FKPSDYFPSV	=	23000.00000000
ALAETSYVKV	=	23337.00000000
YLVTRHADV	=	30000.00000000
QLDPARDVL	=	30000.00000000
SIRDGVRAY	=	60010.58249200
