RLPLVLPAV	=	8.93333333
FLPSDKFPSV	=	12.85926667
FLPKDYFPSV	=	17.79743333
FLPSDYFPSV	=	23.00000000
FLPSKYFPSV	=	27.05293333
YLDLALMSV	=	44.00000000
FLWGPRALV	=	56.00000000
FIPSYDFPSV	=	74.13120000
FIPSDYFPSV	=	74.13120000
LLPFVQWFV	=	88.00000000
YMDDVVLGV	=	92.00000000
FLPSDYFPSL	=	100.00000000
YLLEMLWRL	<	100.00000000
FLPSDFFPSI	=	148.00000000
FLPSDYFPSI	=	153.25825000
FLPSDYFPKV	=	164.19533333
FVPSDYFPSV	=	230.00000000
SLDSWWTSV	=	236.00000000
FQPSDYFPSV	=	433.98733333
GLCTLVAML	<	500.00000000
WLSLLVPFV	=	548.00000000
RMPEAAPPV	=	548.00000000
FLPSDYKPSV	=	851.87600000
GMPEGDLVYV	=	1398.00000000
SLDLASLIL	=	1562.00000000
YLVAYQATV	=	2300.00000000
FLPSDYFPSP	=	2300.00000000
FFPSDYFPSV	=	2390.78750000
LVPFVQWFV	=	2526.00000000
KLPQLCTEL	=	2660.00000000
FTPSDYFPSV	=	2758.44750000
FLKSDYFPSV	=	2786.60500000
LLWKGEGAVV	=	4147.00000000
ALALLLLDRLN	>	5000.00000000
ETALALLLLD	>	5000.00000000
YMLDLQPETT	>	5000.00000000
ETALALLLL	>	5000.00000000
GETALALLL	>	5000.00000000
GETALALLLL	>	5000.00000000
ETALALLLLDR	>	5000.00000000
ALALLLLDRL	>	5000.00000000
ALALLLLDR	>	5000.00000000
VSFIEFVGW	>	5000.00000000
ALLLLDRLN	>	5000.00000000
GETALALLLLD	>	5000.00000000
LALLLLDRLNQ	>	5000.00000000
LLLLDRLNQ	>	5000.00000000
LALLLLDRL	>	5000.00000000
TLGIVCPI	>	5000.00000000
TALALLLLDR	>	5000.00000000
KVFPYALINK	>	5000.00000000
TALALLLLD	>	5000.00000000
ALLLLDRLNQ	>	5000.00000000
AAPLILSRI	=	6640.00000000
KMQKEYALL	=	10585.28054000
YMIDPSGVSY	=	12725.03942100
FLPSDYFPSF	=	14375.00000000
FPPSDYFPSV	=	15333.20000000
FLPSDYFPSQ	=	23000.00000000
FLPSDYFPSD	=	23000.00000000
FKPSDYFPSV	=	23000.00000000
FLPSDYFPSK	=	23000.00000000
ALAETSYVKV	=	23337.00000000
WVDLRSLFL	=	26873.00000000
NLDRSNDKV	=	30000.00000000
LTDAVKVMDL	=	30000.00000000
QIPSYKKLI	=	30000.00000000
LLFFWLDRSV	=	30000.00000000
TLPSWATEDT	=	30000.00000000
YLVTRHADV	=	30000.00000000
ILKEPVHGV	=	30000.00000000
QLDPARDVL	=	30000.00000000
GTIKGGEMK	=	36814.37514000
KQQNFYALF	=	36939.72619000
KQQQIHALF	=	37101.60042000
VTSPYTVEW	=	40740.01023050
TSIGDKMQK	=	48415.15198000
KMKEIAEAY	=	53383.93835900
SIRDGVRAY	=	60010.58249200
FIKDGSSTY	=	62722.26756033
KRQQVHALF	>	70121.95122000
KKQKFYALF	>	70121.95122000
KKQQVYALF	>	70121.95122000
RKQQISALF	>	70121.95122000
KQRKVQALF	>	70121.95122000
FAFVTDNTY	=	77700.00000000
VSYIEFVGW	>	77702.00000000
KAGQYVTIW	>	77702.00000000
