SHIPQSSSY	=	2.37265900
SHSPLRTEY	=	2.66268800
NHFEGHYQY	=	4.18318800
SHDHPTDVDY	=	8.87146700
THIQQDPAL	=	80.97032800
VHVASGFIE	=	289.01458900
RKAKIIKDY	=	1136.35000000
TIISLNKYY	=	1432.28545600
THLEGKIII	=	2451.17298600
NIIVDSQYV	=	3443.67260700
GNQLLIAIL	=	6065.36256800
MVAWWAGIE	=	6107.47245500
IYIVQMLAK	=	7018.62406300
RRSKEITVR	=	12517.43132000
SWDVFGNWF	=	12872.45442000
IHGQANSDL	=	13567.86075000
GLAKVLGIL	=	16306.28856000
DRLALLANL	=	19102.12365000
KRIKGTIMT	=	19668.43144000
YQVPSLQYL	=	25218.61205000
KTFGWLWKL	=	25969.57080000
MSLNFPIAK	=	32903.50893000
GIGGFINTK	=	47245.55913000
ERFLAQEQL	=	66666.66667000
ARLFGIRAK	>	76923.07692000
FRYNGLIHR	>	76923.07692000
NRAKQVIKL	>	76923.07692000
FVLGFLGFL	>	76923.07692000
KRVVINKDT	>	76923.07692000
