SHSHVGYTL	<	1.00000000
SHSSHFSEF	=	1.11645900
SHNPNTTNNF	=	1.38000000
SHMEFYNQY	=	1.42399300
YHSPYPEEY	=	2.07907200
HSKVLYVY	=	2.14163200
SHIPQSSSY	=	2.37265900
AHQFLQNEY	=	2.44962900
SHSPLRTEY	=	2.66268800
AHNAVVHEL	=	3.60628300
NHFEGHYQY	=	4.18318800
SHSQITRLY	=	4.20597100
THAPTHSDY	=	5.91693600
SHDHPTDVDY	=	8.87146700
QHAKDFKEY	=	14.62403500
IHSPVVNEL	=	21.42067600
SHITPSTQQHL	=	21.71619800
RRIYDLIEL	=	78.10935600
THIQQDPAL	=	80.97032800
AMGAASLTL	=	96.52000000
ARKLLLDNL	=	221.60086800
IRMFKILPL	=	227.12921400
VHVASGFIE	=	289.01458900
MHFRGGCIH	=	482.13756800
RHRILDIYL	=	570.47000000
FLIRQLIRL	=	652.29000000
SHLEVQGYW	=	881.92173900
RKAKIIKDY	=	1136.35000000
TIISLNKYY	=	1432.28545600
RRHRILDIY	=	1804.42224800
SSWPWQIEY	=	1876.75332900
IRSSVQNKL	=	1921.15956200
AHKYQVPSL	=	1965.42020300
SRHHAFCFR	=	2057.70900200
TRVTAIEKY	=	2327.19910200
THLEGKIII	=	2451.17298600
GMSPSYVKY	=	2491.80388200
WHKVGKNVY	=	2538.09635200
IVIYIVQML	=	2981.82157300
KHVVWAANE	=	3007.21759000
NIIVDSQYV	=	3443.67260700
KRWIILGLNK	=	3696.81238600
KFKNFRVYY	=	3750.41952700
NRELIQQEL	=	3784.29686900
RITWYSKNF	=	3834.04855300
RIVIYIVQM	=	4030.52182300
RRIRQGLEL	=	4167.96936100
GSAMGAASL	=	4459.22290500
AENRTYIYW	=	4916.22350000
SRYWAIRTR	=	4963.52797900
YHCQFCFLK	=	5141.81293600
NRFSVAYML	=	5471.77828600
KRGVFVLGF	=	5595.56250000
RQLIRLLTW	=	5767.73783500
GNQLLIAIL	=	6065.36256800
MVAWWAGIE	=	6107.47245500
IAILLLSVY	=	6188.25094400
RRYQKSTEL	=	6645.56637300
IYIVQMLAK	=	7018.62406300
TYLQYGWSY	=	7211.25025500
PHFKVGWAW	=	7610.78206900
TCSRVIFPL	=	7887.47540500
KRITVLDIG	=	8271.52778300
ADILLHSTY	=	8414.04166200
RRWQQLLAL	=	8832.60715700
SQYVMGIIT	=	9194.77958400
NPIPVGNIY	=	9463.01474200
RTIISLNKY	=	9466.40116600
RRISGVDRY	=	9604.76296400
CKMNWFLNW	=	9662.85059400
RRSKEITVR	=	12517.43132000
KYQVPSLQY	=	12579.86042000
SWDVFGNWF	=	12872.45442000
EREQTLNQL	=	13161.50360000
LHAVGQAAE	=	13297.91937000
IHGQANSDL	=	13567.86075000
SRFPEALRL	=	15626.90770000
LLLSVYGIY	=	15923.24388000
GLAKVLGIL	=	16306.28856000
CHTTVPWPN	=	17010.34544000
VILLRIVIY	=	17314.81451000
DRLALLANL	=	19102.12365000
KRIKGTIMT	=	19668.43144000
AQSRTLLAG	=	20672.45577000
GRRGWEALKY	=	22388.68314000
TVFYGVPAW	=	22727.27273000
KILSVLAPL	=	23985.63616000
KVGKFAKIK	=	24648.16136000
YQVPSLQYL	=	25218.61205000
KTFGWLWKL	=	25969.57080000
ALAPVPIPF	=	30860.66999000
KMNWFLNWV	=	31052.87744000
MSLNFPIAK	=	32903.50893000
KRLAETLAL	=	34854.95716000
VYIVVGVIL	=	35903.36680000
YRLLLTRVL	=	36165.25164000
GNSSWPWQI	=	37555.51062000
IRLRPGGKK	=	41099.74683000
GKMDHVMAK	=	43212.34653000
GIGGFINTK	=	47245.55913000
MQIIRDIIN	=	49507.37715000
RRWIQLGLQK	=	52014.56039000
MRDHTITLL	=	53905.82626000
KYIQYGVYI	=	56980.28823000
RMYNPTNIL	=	60633.90626000
ERFLAQEQL	=	66666.66667000
VLNWAAQIY	=	69006.55593000
ARLFGIRAK	>	76923.07692000
FRQYTAFTL	>	76923.07692000
FRYNGLIHR	>	76923.07692000
NRAKQVIKL	>	76923.07692000
FVLGFLGFL	>	76923.07692000
KRKGGIGGY	>	76923.07692000
KRVVINKDT	>	76923.07692000
GRDNRTIIS	>	76923.07692000
VRITWYSKN	>	76923.07692000
RQAGFLGLG	>	76923.07692000
