SHNPNTTNNF	=	1.38000000
AHNAVVHEL	=	3.60628300
SHSQITRLY	=	4.20597100
QHAKDFKEY	=	14.62403500
SHITPSTQQHL	=	21.71619800
ARKLLLDNL	=	221.60086800
SRHHAFCFR	=	2057.70900200
TRVTAIEKY	=	2327.19910200
IVIYIVQML	=	2981.82157300
KRWIILGLNK	=	3696.81238600
KFKNFRVYY	=	3750.41952700
NRELIQQEL	=	3784.29686900
RIVIYIVQM	=	4030.52182300
AENRTYIYW	=	4916.22350000
SRYWAIRTR	=	4963.52797900
RRWQQLLAL	=	8832.60715700
CKMNWFLNW	=	9662.85059400
LHAVGQAAE	=	13297.91937000
LLLSVYGIY	=	15923.24388000
AQSRTLLAG	=	20672.45577000
KMNWFLNWV	=	31052.87744000
YRLLLTRVL	=	36165.25164000
RRWIQLGLQK	=	52014.56039000
MRDHTITLL	=	53905.82626000
RMYNPTNIL	=	60633.90626000
VLNWAAQIY	=	69006.55593000
KRKGGIGGY	>	76923.07692000
GRDNRTIIS	>	76923.07692000
RQAGFLGLG	>	76923.07692000
