SHSHVGYTL	<	1.00000000
NHLPRELIF	=	1.08000000
SHSSHFSEF	=	1.11645900
SHNPNTTNNF	=	1.38000000
VHNPDVITY	=	1.71532500
YHSPYPEEY	=	2.07907200
SHIPQSSSY	=	2.37265900
SHSPLRTEY	=	2.66268800
AHNAVVHEL	=	3.60628300
NHFEGHYQY	=	4.18318800
SHSQITRLY	=	4.20597100
SHDHPTDVDY	=	8.87146700
QHAKDFKEY	=	14.62403500
SHITPSTQQHL	=	21.71619800
LHSTYFPCF	=	40.34755800
RRIYDLIEL	=	78.10935600
THIQQDPAL	=	80.97032800
AMGAASLTL	=	96.52000000
ARKLLLDNL	=	221.60086800
VHVASGFIE	=	289.01458900
CHIRQIINT	=	400.76000000
IHSRIGQPG	=	440.99000000
THTNGVRLL	=	462.40179800
MHFRGGCIH	=	482.13756800
RHRILDIYL	=	570.47000000
RKAKIIKDY	=	1136.35000000
DHQAAMQII	=	1391.13553000
YIVVGVILL	=	1406.74249800
TIISLNKYY	=	1432.28545600
GRQTALFLL	=	1783.41714900
RRHRILDIY	=	1804.42224800
SSWPWQIEY	=	1876.75332900
AHKYQVPSL	=	1965.42020300
SRHHAFCFR	=	2057.70900200
TRVTAIEKY	=	2327.19910200
THLEGKIII	=	2451.17298600
GMSPSYVKY	=	2491.80388200
WHKVGKNVY	=	2538.09635200
CRFPRAHKY	=	2686.07654700
IVIYIVQML	=	2981.82157300
KHYWDAIRF	=	3021.82385100
NIIVDSQYV	=	3443.67260700
KRWIILGLNK	=	3696.81238600
KFKNFRVYY	=	3750.41952700
ANIIVDSQY	=	3755.65689700
NRELIQQEL	=	3784.29686900
RIVIYIVQM	=	4030.52182300
RRIRQGLEL	=	4167.96936100
GSAMGAASL	=	4459.22290500
AENRTYIYW	=	4916.22350000
SRYWAIRTR	=	4963.52797900
TYAVRITWY	=	4981.55361600
YHCQFCFLK	=	5141.81293600
EMIKKSEIY	=	5449.77336200
KRGVFVLGF	=	5595.56250000
GNQLLIAIL	=	6065.36256800
MVAWWAGIE	=	6107.47245500
IAILLLSVY	=	6188.25094400
IYIVQMLAK	=	7018.62406300
TLAYTYEAY	=	7280.94131300
MHPAQTSQW	=	7694.35675800
ADILLHSTY	=	8414.04166200
AHVIQKIGK	=	8732.42941300
RRWQQLLAL	=	8832.60715700
RTIISLNKY	=	9466.40116600
GDAYFSIPL	=	9543.76109100
CKMNWFLNW	=	9662.85059400
VKNWMTQTL	=	10300.31764000
CTLYVTVFY	=	10677.03554000
RQTALFLLK	=	12013.74278000
RRSKEITVR	=	12517.43132000
KYQVPSLQY	=	12579.86042000
SWDVFGNWF	=	12872.45442000
EREQTLNQL	=	13161.50360000
LHAVGQAAE	=	13297.91937000
AWCWFGGKW	=	13317.52651000
IHGQANSDL	=	13567.86075000
LLLSVYGIY	=	15923.24388000
GLAKVLGIL	=	16306.28856000
SPAIFQYTM	=	16988.23972000
CHTTVPWPN	=	17010.34544000
VILLRIVIY	=	17314.81451000
RRQDILDLWI	=	17922.14802000
DRLALLANL	=	19102.12365000
KRIKGTIMT	=	19668.43144000
AQSRTLLAG	=	20672.45577000
GRRGWEALKY	=	22388.68314000
YQVPSLQYL	=	25218.61205000
KTFGWLWKL	=	25969.57080000
KMNWFLNWV	=	31052.87744000
WKFDPTLAY	=	32258.06452000
MSLNFPIAK	=	32903.50893000
KRLAETLAL	=	34854.95716000
VYIVVGVIL	=	35903.36680000
YRLLLTRVL	=	36165.25164000
NQLLIAILL	=	36399.18603000
IRLRPGGKK	=	41099.74683000
GIGGFINTK	=	47245.55913000
VQQIGGNYV	=	47322.01911000
RRWIQLGLQK	=	52014.56039000
MRDHTITLL	=	53905.82626000
KYIQYGVYI	=	56980.28823000
RMYNPTNIL	=	60633.90626000
ERFLAQEQL	=	66666.66667000
VLNWAAQIY	=	69006.55593000
AIDMSHFIK	>	76923.07692000
ARLFGIRAK	>	76923.07692000
ATIPLFCAT	>	76923.07692000
FRYNGLIHR	>	76923.07692000
NRAKQVIKL	>	76923.07692000
FVLGFLGFL	>	76923.07692000
KRKGGIGGY	>	76923.07692000
KRVVINKDT	>	76923.07692000
GRDNRTIIS	>	76923.07692000
VRITWYSKN	>	76923.07692000
RQAGFLGLG	>	76923.07692000
