SHSHVGYTL	<	1.00000000
NHLPRELIF	=	1.08000000
SHSSHFSEF	=	1.11645900
SHNPNTTNNF	=	1.38000000
SHMEFYNQY	=	1.42399300
VHNPDVITY	=	1.71532500
YHSPYPEEY	=	2.07907200
HSKVLYVY	=	2.14163200
AHQFLQNEY	=	2.44962900
AHNAVVHEL	=	3.60628300
SHSQITRLY	=	4.20597100
THAPTHSDY	=	5.91693600
QHAKDFKEY	=	14.62403500
IHSPVVNEL	=	21.42067600
SHITPSTQQHL	=	21.71619800
LHSTYFPCF	=	40.34755800
RRIYDLIEL	=	78.10935600
AMGAASLTL	=	96.52000000
ARKLLLDNL	=	221.60086800
IRMFKILPL	=	227.12921400
CHIRQIINT	=	400.76000000
IHSRIGQPG	=	440.99000000
THTNGVRLL	=	462.40179800
MHFRGGCIH	=	482.13756800
RHRILDIYL	=	570.47000000
FLIRQLIRL	=	652.29000000
SHLEVQGYW	=	881.92173900
DHQAAMQII	=	1391.13553000
YIVVGVILL	=	1406.74249800
GRQTALFLL	=	1783.41714900
RRHRILDIY	=	1804.42224800
SSWPWQIEY	=	1876.75332900
IRSSVQNKL	=	1921.15956200
AHKYQVPSL	=	1965.42020300
SRHHAFCFR	=	2057.70900200
TRVTAIEKY	=	2327.19910200
GMSPSYVKY	=	2491.80388200
WHKVGKNVY	=	2538.09635200
CRFPRAHKY	=	2686.07654700
IVIYIVQML	=	2981.82157300
KHVVWAANE	=	3007.21759000
KHYWDAIRF	=	3021.82385100
KRWIILGLNK	=	3696.81238600
KFKNFRVYY	=	3750.41952700
ANIIVDSQY	=	3755.65689700
NRELIQQEL	=	3784.29686900
RITWYSKNF	=	3834.04855300
RIVIYIVQM	=	4030.52182300
RRIRQGLEL	=	4167.96936100
GSAMGAASL	=	4459.22290500
AENRTYIYW	=	4916.22350000
SRYWAIRTR	=	4963.52797900
TYAVRITWY	=	4981.55361600
YHCQFCFLK	=	5141.81293600
EMIKKSEIY	=	5449.77336200
NRFSVAYML	=	5471.77828600
KRGVFVLGF	=	5595.56250000
RQLIRLLTW	=	5767.73783500
IAILLLSVY	=	6188.25094400
RRYQKSTEL	=	6645.56637300
TYLQYGWSY	=	7211.25025500
TLAYTYEAY	=	7280.94131300
PHFKVGWAW	=	7610.78206900
MHPAQTSQW	=	7694.35675800
TCSRVIFPL	=	7887.47540500
KRITVLDIG	=	8271.52778300
ADILLHSTY	=	8414.04166200
AHVIQKIGK	=	8732.42941300
RRWQQLLAL	=	8832.60715700
SQYVMGIIT	=	9194.77958400
NPIPVGNIY	=	9463.01474200
RTIISLNKY	=	9466.40116600
GDAYFSIPL	=	9543.76109100
RRISGVDRY	=	9604.76296400
CKMNWFLNW	=	9662.85059400
VKNWMTQTL	=	10300.31764000
CTLYVTVFY	=	10677.03554000
RQTALFLLK	=	12013.74278000
KYQVPSLQY	=	12579.86042000
EREQTLNQL	=	13161.50360000
LHAVGQAAE	=	13297.91937000
AWCWFGGKW	=	13317.52651000
SRFPEALRL	=	15626.90770000
LLLSVYGIY	=	15923.24388000
SPAIFQYTM	=	16988.23972000
CHTTVPWPN	=	17010.34544000
VILLRIVIY	=	17314.81451000
RRQDILDLWI	=	17922.14802000
AQSRTLLAG	=	20672.45577000
GRRGWEALKY	=	22388.68314000
TVFYGVPAW	=	22727.27273000
KILSVLAPL	=	23985.63616000
KVGKFAKIK	=	24648.16136000
ALAPVPIPF	=	30860.66999000
KMNWFLNWV	=	31052.87744000
WKFDPTLAY	=	32258.06452000
KRLAETLAL	=	34854.95716000
VYIVVGVIL	=	35903.36680000
YRLLLTRVL	=	36165.25164000
NQLLIAILL	=	36399.18603000
GNSSWPWQI	=	37555.51062000
IRLRPGGKK	=	41099.74683000
GKMDHVMAK	=	43212.34653000
VQQIGGNYV	=	47322.01911000
MQIIRDIIN	=	49507.37715000
RRWIQLGLQK	=	52014.56039000
MRDHTITLL	=	53905.82626000
KYIQYGVYI	=	56980.28823000
RMYNPTNIL	=	60633.90626000
VLNWAAQIY	=	69006.55593000
AIDMSHFIK	>	76923.07692000
ATIPLFCAT	>	76923.07692000
FRQYTAFTL	>	76923.07692000
KRKGGIGGY	>	76923.07692000
GRDNRTIIS	>	76923.07692000
VRITWYSKN	>	76923.07692000
RQAGFLGLG	>	76923.07692000
