SHMEFYNQY	=	1.42399300
HSKVLYVY	=	2.14163200
AHQFLQNEY	=	2.44962900
THAPTHSDY	=	5.91693600
IHSPVVNEL	=	21.42067600
IRMFKILPL	=	227.12921400
FLIRQLIRL	=	652.29000000
SHLEVQGYW	=	881.92173900
IRSSVQNKL	=	1921.15956200
KHVVWAANE	=	3007.21759000
RITWYSKNF	=	3834.04855300
NRFSVAYML	=	5471.77828600
RQLIRLLTW	=	5767.73783500
RRYQKSTEL	=	6645.56637300
TYLQYGWSY	=	7211.25025500
PHFKVGWAW	=	7610.78206900
TCSRVIFPL	=	7887.47540500
KRITVLDIG	=	8271.52778300
SQYVMGIIT	=	9194.77958400
NPIPVGNIY	=	9463.01474200
RRISGVDRY	=	9604.76296400
SRFPEALRL	=	15626.90770000
TVFYGVPAW	=	22727.27273000
KILSVLAPL	=	23985.63616000
KVGKFAKIK	=	24648.16136000
ALAPVPIPF	=	30860.66999000
GNSSWPWQI	=	37555.51062000
GKMDHVMAK	=	43212.34653000
MQIIRDIIN	=	49507.37715000
FRQYTAFTL	>	76923.07692000
