NHLPRELIF	=	1.08000000
VHNPDVITY	=	1.71532500
LHSTYFPCF	=	40.34755800
CHIRQIINT	=	400.76000000
IHSRIGQPG	=	440.99000000
THTNGVRLL	=	462.40179800
DHQAAMQII	=	1391.13553000
YIVVGVILL	=	1406.74249800
GRQTALFLL	=	1783.41714900
CRFPRAHKY	=	2686.07654700
KHYWDAIRF	=	3021.82385100
ANIIVDSQY	=	3755.65689700
TYAVRITWY	=	4981.55361600
EMIKKSEIY	=	5449.77336200
TLAYTYEAY	=	7280.94131300
MHPAQTSQW	=	7694.35675800
AHVIQKIGK	=	8732.42941300
GDAYFSIPL	=	9543.76109100
VKNWMTQTL	=	10300.31764000
CTLYVTVFY	=	10677.03554000
RQTALFLLK	=	12013.74278000
AWCWFGGKW	=	13317.52651000
SPAIFQYTM	=	16988.23972000
RRQDILDLWI	=	17922.14802000
WKFDPTLAY	=	32258.06452000
NQLLIAILL	=	36399.18603000
VQQIGGNYV	=	47322.01911000
AIDMSHFIK	>	76923.07692000
ATIPLFCAT	>	76923.07692000
