SHSHVGYTL	<	1.00000000
SHSSHFSEF	=	1.11645900
YHSPYPEEY	=	2.07907200
RRIYDLIEL	=	78.10935600
AMGAASLTL	=	96.52000000
MHFRGGCIH	=	482.13756800
RHRILDIYL	=	570.47000000
RRHRILDIY	=	1804.42224800
SSWPWQIEY	=	1876.75332900
AHKYQVPSL	=	1965.42020300
GMSPSYVKY	=	2491.80388200
WHKVGKNVY	=	2538.09635200
RRIRQGLEL	=	4167.96936100
GSAMGAASL	=	4459.22290500
YHCQFCFLK	=	5141.81293600
KRGVFVLGF	=	5595.56250000
IAILLLSVY	=	6188.25094400
ADILLHSTY	=	8414.04166200
RTIISLNKY	=	9466.40116600
KYQVPSLQY	=	12579.86042000
EREQTLNQL	=	13161.50360000
CHTTVPWPN	=	17010.34544000
VILLRIVIY	=	17314.81451000
GRRGWEALKY	=	22388.68314000
KRLAETLAL	=	34854.95716000
VYIVVGVIL	=	35903.36680000
IRLRPGGKK	=	41099.74683000
KYIQYGVYI	=	56980.28823000
VRITWYSKN	>	76923.07692000
