GLSPTVWLSV	=	0.10000000
AYIDNFNKV	=	1.04903400
EYVVLLFLL	<	2.00000000
LYGMWPLLL	=	7.03999300
AYMSKAHGV	=	16.97430700
ALPPRAYAM	=	20.67980800
QFTSAICSV	=	42.46224100
NFISGIQYL	=	43.13491500
SLYSILSPFL	=	45.43275000
AYIDNYNKL	=	68.90251800
FLFILLLCLI	=	72.55633500
TPTGWGLVM	=	80.13997500
LLCLIFLLV	=	98.37985000
EYVVLLFLLL	=	124.62215900
EYLVSFGVWI	=	128.32709900
SYVNTNMGL	=	135.66605000
NYMPYVFTL	=	156.85912933
VFLVGQLFTF	=	179.45412100
GLSPFLLAQF	=	210.16309400
KFRQLLWFHI	=	282.43292000
FYGKAIPLEV	=	316.32945300
VYALCTLLHL	=	336.67476133
HYLHTLWKA	=	340.52856100
AFIDNYNKF	=	430.30308600
AGIDNYNKF	=	431.65539600
HYFQTRHYL	=	475.75025200
AYKDNYNKF	<	500.00000000
AYIDNYNKA	<	500.00000000
TLATWVGVNL	=	575.66115100
MWLSYFVASF	=	597.11405800
VLQAGFFLL	=	657.71055200
LMTLATWVGV	=	687.25973200
SLLVPFVQWF	=	700.69945400
AYIDNYNKC	=	736.58650500
GYPALMPLYA	=	751.91596900
FLPSDYFPSV	=	916.48965100
LLLCLIFLL	=	951.63807400
QFTSAICSVV	=	1009.96852600
HYPPRPCGIV	=	1077.95108100
AYTTGPCTPL	=	1233.23715700
PLLPIFFCL	=	1331.68894300
WFWFCLLLL	=	1378.36045100
LYSILSPFL	=	1400.00718500
LYIIKLVFL	=	1432.86324467
SLLLLYQTF	=	1449.08406400
LYMAISPKF	=	1831.52938000
LLLAILGPL	=	1903.93744800
GFADLMGYI	=	1964.68453100
YFPREGVFVF	=	1986.87581400
PFYGKAIPL	=	2789.09363600
ILCWGELMTL	=	3037.25855000
PFLPLLPIFF	=	3060.07703400
KPCSDYCLSL	=	3191.67487900
HYVPESDAA	=	3741.88000000
YPKVTKYLPL	=	3765.17909800
DYCLSLIVNL	=	3820.84717600
FLGPLLVLQA	=	4106.48539700
AFSYMDDVVL	=	4189.48626900
AYCLSTGCV	=	4281.98343700
IFLLALLSCL	=	4570.04747700
NMGLKFRQL	=	4982.14207800
AYIDNYNKY	>	5000.00000000
AYIDNYNKD	>	5000.00000000
QFSRGNYRV	=	6192.36605200
RFARALPVWA	=	6564.22001800
NFLLSLGIHL	=	6720.94611200
AYAAQGYKVL	=	8103.53782500
WMCLRRFII	=	8436.42081800
GYIPLVGAPL	=	10042.30898750
TYVPSQERNF	=	10833.16156767
GFFLLTRIL	=	13639.91384900
LLWFHISCL	=	14557.96169850
DLNLGNLNV	=	14870.53193850
KAGQYVTIW	=	15440.94349000
GLLGWSPQA	=	16215.37086200
LYQTFGRKL	=	16429.77759150
GLVMGHQRM	=	17623.15517150
YYADSVKGRF	=	22941.10878850
RFAPPCKPLL	=	24701.11632750
RLQLIMPARF	=	30427.83210800
PLHPAAMPHL	=	30440.44004800
GFTPPHGGLL	=	30519.04299100
FPFKYAAAF	=	31097.79910000
GPLEEELPRL	=	31176.87715150
MPARFYPKV	=	32026.01785850
PLEEELPRL	=	34926.63512950
AYIDNYNKS	=	37385.05976950
GLQSQQGHLA	=	39200.98254800
NLEDPASRDL	=	40205.58317950
HYPPRPCGI	=	45644.17065100
WPKFAVPNL	=	46258.40852900
EFHNLPPNSA	=	48768.20316750
IPSSWAFGKF	=	51298.91760200
VLLDYQGML	=	52895.96116100
PLSSIFSRI	=	54482.25412850
AYIDNYNKP	=	56688.59961750
ETFGFEIQSY	=	58228.81896000
WFCLLLLAA	=	62073.26856850
AYIDNYNKH	=	63477.37694800
NLSTSNPLGF	>	70044.00000000
SPHHTALRQA	>	70044.00000000
PLTVNEKRRL	>	70044.00000000
HPTARRPFGV	>	70044.00000000
NPNKDTWPDA	>	70044.00000000
FPNIHLHQDI	>	70044.00000000
GPCRTCMTTA	>	70044.00000000
NPVLTTASPL	>	70044.00000000
RGPYRAFVTI	>	70044.70939000
VLSRKYTSF	=	71716.45299800
PLRNTHPQA	>	77814.00000000
KCDELAAKL	>	77814.00000000
GFTPPHGGL	>	77814.00000000
TPSRVTGGV	>	77814.00000000
NLGNLNVSI	>	77814.00000000
RYLKDQQLL	>	77814.00000000
HLLVGSSGL	>	77814.00000000
AASCGGAVF	>	77814.00000000
KFNPMKTYI	>	77814.56954000
SEAAYAKKI	>	77814.56954000
YLPTQQDVL	>	77814.56954000
SEIDLILGY	>	77814.56954000
