VFDITKLLLA	=	4.98077300
AYIDNFNKF	=	5.36643300
LLLCLIFLLV	=	6.02719533
NYKFALWRV	=	6.23742600
EFWEGVFTGL	=	24.73723500
RFIIFLFILL	=	25.91202300
SYQHFRRLLL	=	36.00847300
LPIFFCLWV	=	40.93310300
CLRRFIIFLF	=	55.70802700
CYSIEPLDL	=	56.87411700
AFGKFLWEWA	=	60.06392000
SFPWLLGCA	=	60.70477900
SYSWTGALV	=	62.13135100
SFQVAHLHA	=	63.52494600
GYSLNFMGYV	=	67.91620200
GFLGPLLVL	=	92.15172400
VFPCWWLQF	=	126.01087800
SFSIFLLALL	=	150.22986000
PYLFWLAAI	=	188.64894700
IFLFILLLCL	=	202.51803600
KYTQLCQYL	=	210.12080667
RYRFAFLYLL	=	247.82113133
FVNYNFTLV	=	252.43423100
VYVPSALNPA	=	291.09394400
LPLLPIFFCL	=	356.75917467
ACIDNYNKF	=	383.64016200
FYLCFLAFL	=	386.81328733
AYIDNYNDF	<	500.00000000
AYIDNNNKF	<	500.00000000
YEFLQPILL	=	533.15454300
ATIDNYNKF	=	592.09504800
NLYVSLLLL	=	592.38884300
SYSLFDMSKF	=	608.87457800
AQGYKVLVL	=	863.82953000
QYLNLYPVA	=	876.75467200
FFPDHQLDPA	=	958.27329600
LLVPFVQWFV	=	1075.12831900
AYAQQTRGL	=	1115.95848500
VPFVQWFVGL	=	1200.06029100
VFFGYFASHF	=	1300.07933533
RFYPKVTKYL	=	1345.34723300
DFFPSVRDLL	=	1366.24386800
CLTFGRETV	=	1369.95347600
DFFPSVRDL	=	1392.67746600
LLDYQGMLPV	=	1530.90968800
NFISGIQYLA	=	1618.39102200
VFYLYLTFYF	=	1882.41340267
ELLSFLPSDF	=	1957.61930300
PLSYQHFRRL	=	2325.54361200
AFVGAGLAGA	=	2589.83859500
LFLLLADARV	=	2680.06286100
FLLAQFTSAI	=	2706.55833700
PYFVRVQGL	=	2782.16682000
WFHISCLTF	=	3257.02554900
VFQSATKII	=	3562.48401600
AYQATVCARA	=	3588.65875300
GMLPVCPLI	=	3595.21056300
IMPARFYPKV	=	4267.10107100
AYIDNYNKG	=	4825.29440300
FPWLLGCAA	=	4851.00917900
ADIDNYNKF	>	5000.00000000
AYIDNDNKF	>	5000.00000000
KFLWEWASA	=	5180.50150900
RMRGTFSAPL	=	5218.03081100
PLLVLQAGF	=	5559.50709700
PFLPLLPIF	=	5772.97063100
PFVVSTGYHF	=	6901.05482267
DPRVRGLYF	=	7348.10886000
AEIDNYNKF	=	7460.61352200
ELMTLATWV	=	7588.67239500
LLVLQAGFF	=	7613.62112300
AYIDNYNKW	=	7748.63458000
AYIDNYNKE	=	9729.80987100
PFLLAQFTSA	=	9791.25488200
LFNILGGWV	=	9849.21826300
NFASKSASCL	=	10439.77985050
QLLWFHISCL	=	10871.54003200
GYTMHANYIF	=	11009.63145200
CFTPSPVVV	=	11638.65030950
VFTDNSSPPA	=	12531.68126750
YTGDFDSVI	=	14244.17184000
YFLTRVEAQL	=	14865.42859950
FPDHQLDPAF	=	14941.65611900
LPSDFFPSV	=	16222.26773000
LYDVVSKLPL	=	24295.25142900
VPNLQSLTNL	=	27252.43587100
LFNWAVRTKL	=	27675.79336050
IFFCLWVYI	=	27857.91774950
LLYQTFGRKL	=	28630.13449900
NYRVSWPKF	=	28655.40443800
DPYKEFGATV	=	30950.67249750
GYGAGVAGAL	=	32784.44635150
QYSPGQRVEF	=	32819.18054000
KPSDGNCTCI	=	33693.78209000
VLGAKSVQHL	=	35237.80982800
IPMGVGLSPF	=	35853.26692200
ISDSNPYLTQW	=	35937.99455000
CLSLIVNLL	=	36649.58281000
RRAARAEYL	=	37749.55497000
RPGLCQVFA	=	41225.45322150
KFGYGAKDV	=	41420.88254200
NMENITSGFL	=	43078.24142850
RYPLTFGW	=	45925.64391100
KVFPYALINK	=	48911.65178000
VGNVYVKF	=	55491.85970000
ATPYDINQML	=	61597.04703000
KLHLYSHPII	=	62275.42211100
RRLRPGGKK	=	69915.63149900
PLEEELPRLA	>	70044.00000000
TLQDPRVRGL	>	70044.00000000
LFNILGGWVA	>	70044.00000000
LPRLADEGL	>	77814.00000000
YAAQGYKVL	>	77814.00000000
NLQSLTNLL	>	77814.00000000
KRLRPGGKK	>	77814.00000000
IFSRIGDPA	>	77814.00000000
YVQMALMKL	>	77814.00000000
GYGAGVAGA	>	77814.00000000
FLRGRAYGI	>	77814.56954000
YRHDGGNVL	>	77814.56954000
YVFPVIFSR	>	77814.56954000
YVFPVIFSK	>	77814.56954000
RRDYRRGL	>	87523.27747000
