RYYDGNIYEL	=	0.71600000
EYADVFHLYL	=	1.45676533
SFSIFLLAL	<	2.00000000
AYISNYNKV	=	2.26666667
AYIDNYNKM	=	5.80953900
RFSWLSLLV	=	12.67847933
RYISWCMWWL	=	22.08249000
AYIDNYNKV	=	25.41393926
EFFTELDGV	=	25.69964500
IFGPLWILQA	=	80.83691400
KFALWRVSA	=	111.31790000
AMIDNYNKF	=	116.53466200
KYTSFPWLL	=	159.45834100
HFASPLHVA	=	177.20043800
ILLLCLIFL	=	180.08941400
HPAAMPHLLV	=	239.20946600
DYCSRNLYV	=	259.02483000
FYHLPLHPAA	=	318.98729500
WMCLRRFIIF	=	326.50593600
LLCLIFLLVL	=	344.93287300
GYRWMCLRRF	=	384.89554900
AYFSMVGNWA	=	393.65833800
AYQVRNSSGL	=	450.42566600
LFTAVTNFLL	=	472.05336600
ALIDNYNKF	<	500.00000000
AYIDNANKF	<	500.00000000
AYIDNLNKF	<	500.00000000
AYIKNYNKF	<	500.00000000
PFVQWFVGL	=	573.61625500
PLLVLQAGFF	=	601.25844600
TYSTYGKFL	=	694.06311800
SWFITQRNFF	=	848.82239400
LLVLQAGFFL	=	853.36731200
FLWEWASARF	=	892.27978900
CLIFLLVLL	=	916.19452800
VFFCFAWYL	=	930.39631800
MYTNVDQDL	=	1000.87459100
SLNFLGGTTV	=	1018.12036400
FLCKQYLNL	=	1059.02546100
FYHLPLHPA	=	1090.21721300
DYVVVHGYF	=	1127.43257933
MYVGGVEHRL	=	1221.30497700
LLAQFTSAI	=	1229.86903300
YYRGLDVSV	=	1347.81822500
ELPRLADEGL	=	1611.79656400
CLRRFIIFL	=	1648.02266900
VYCFTPSPVV	=	1909.33568600
AYRPPNAPIL	=	2038.65423900
VYHITVSQI	=	2039.49452667
LLVLLDYQGM	=	2360.10926400
DLHDYCSRNL	=	2694.09855800
VFPDLGVRV	=	2735.34120500
FFLLTRILTI	=	3476.49487100
QYLYGVGSSI	=	3883.97007200
TFSPTYKAFL	=	3914.52000200
TFTIETTTL	=	4379.78359800
AKIDNYNKF	>	5000.00000000
AAIDNYNKF	>	5000.00000000
GLSRPLLRL	=	5244.08092200
NYTIFKVRM	=	5394.73541500
LFILLLCLI	=	5521.81629400
GFGAYMSKA	=	5564.79396800
TYSTYGKFLA	=	6466.68609300
FLLSLGIHL	=	6587.44686500
SPFLPLLPIF	=	7136.28599800
APIDNYNKL	>	7782.00000000
WLSLLVPFV	=	8240.14433100
AFTFSPTYKA	=	8944.04970800
AYALDTEVA	=	9327.04746400
YPALMPLYA	=	9926.75781700
PYNSVTDTI	=	9967.44410000
SPLSSIFSRI	=	10442.31262750
LLVPFVQWF	=	11241.14416950
RLVVDFSQF	=	12393.88385150
PMGVGLSPFL	=	12556.10220800
NMGLKFRQLL	=	12914.13100750
ILRGTSFVYV	=	13646.20946950
HLPDRVHFA	=	14180.15784000
AEFKYIAAV	=	14889.85610000
SFGSSSTSGI	=	17482.79633950
GFRKIPMGV	=	17587.42366750
GLCQVFADA	=	19312.84682150
YPVARQRPGL	=	21373.27000000
FLLTRILTI	=	23350.18423150
DLLDTASAL	=	24165.34207900
WLLGCAANWI	=	24717.18572100
NFLGGTTVCL	=	26237.78440150
APLPIHTAEL	=	30468.23599200
YMDDVVLGA	=	34754.59781150
GSVNVVYTF	=	40261.97001000
GLNRRVAEDL	=	40719.64804000
PYFVRVQGLL	=	43358.39481950
NLLSSNLSWL	=	44002.75106200
PLGFFPDHQL	=	44839.36787950
WLSLDVSAAF	=	46848.59574900
TLPANPPPA	=	52043.07830750
TYGPVFMCL	=	52987.73334200
IPIPSSWAF	=	54362.91269200
KYLPLDKGI	=	60625.22952900
YTAVVPLVY	=	64503.99114000
SDYLELDTI	=	64645.81880000
FPYSTFPII	=	65788.66000000
TPSFPNIHL	=	66505.82347200
LYGNEGCGWA	=	68923.92000000
TPPAYRPPNA	>	70044.00000000
DFKTWLKAKL	>	70044.00000000
LYKRETTHSA	>	70044.00000000
PPLRNTHPQA	>	70044.00000000
ARIDNYNKF	>	77814.00000000
ILNNQHGTM	>	77814.00000000
WLSLDVSAA	>	77814.00000000
GLQSQQGHL	>	77814.00000000
AMQWNSTTF	>	77814.00000000
DPAFRANTA	>	77814.00000000
RPTTGRTSL	>	77814.00000000
LLGCAANWI	>	77814.00000000
KSINKVYGK	>	77814.56954000
RISGVDRYY	>	77814.56954000
YVADALAAF	>	77814.56954000
IRFPKTFGY	>	77814.56954000
YHSNVKEL	>	87523.27747000
