LYGMWPLLLL	=	6.46946400
CPGYRWMCL	=	13.03691400
AIIDNYNKF	=	16.55835100
QYLAGLSTL	=	19.84713200
HYQDVLKEV	=	26.73848400
AYIDNYNKI	=	34.21185500
WMMWYWGPSL	=	39.97401267
AFYHLPLHPA	=	56.19084700
FFPSVRDLL	=	60.87278600
AYAAQGYKV	=	73.05359500
SFLVFFCFA	=	85.49263700
AFLCKQYLNL	=	86.16148600
MMWYWGPSL	=	96.51613700
NLLEDWGPCA	=	126.31548900
RFIIFLFIL	=	170.44220700
LLGCAANWIL	=	186.28722600
SYQHFRRLL	=	197.82603800
VFSRMETKL	=	203.11395100
ILSPFLPLL	=	214.54239100
QFLYLYALI	=	216.23540067
FPHCLAFSYM	=	288.66552400
LYSHPIILGF	=	295.53706200
QYFLTRVEA	=	347.57115200
SFVYVPSAL	=	364.59174800
CYWPLNDYGF	=	455.95855133
YFTEVYYQL	=	464.32088533
EYYHTLDESF	=	474.79769400
KFAVPNLQSL	=	487.91564400
AYYRGLDVSV	=	490.05078200
PFWITAIYVF	=	547.22920067
CLAFSYMDDV	=	661.60111800
FLPSDFFPSV	=	747.13102000
AYALDTEVAA	=	814.92580500
GFTGDFDSV	=	863.91342100
LYFIKGLNNL	=	891.76403400
AYRPPNAPI	=	895.20390900
YMPYVFTLLF	=	979.21616867
VWINNSWKF	=	1222.64962600
RFLYIIKLVF	=	1267.36460800
AYCLSTGCVV	=	1278.10429400
YFVASFRLF	=	1280.16000000
HLESLFTAV	=	1336.26060000
IFFASFYYIW	=	1342.67573400
RGYVFQGL	=	1347.49914800
VFNNYMPYVF	=	1366.85432600
LYLVTRHADV	=	1446.09246100
WYWGPSLYSI	=	1621.25490400
RYRIGNYKL	=	1811.53244267
FYLCFLAFLL	=	1859.55065000
WFWFCLLLLA	=	1959.47379200
YYHTLDESF	=	2071.35956067
LYVGDLCGSV	=	2101.20343900
AFKIMSGEV	=	2169.52597900
FLGGTTVCL	=	2247.80181500
YPEHLVNHYF	=	2316.91562200
GYVIGCYGSL	=	2434.85674700
AYAQQTRGLL	=	2656.84111900
IFFASFYYI	=	2668.86063400
VFWAKHMWNF	=	2697.61831600
AYMLFTKFF	=	2792.33522000
DYNFVKQLF	=	2978.34660800
LYSSTVPVF	=	3168.50085400
KYIMTCMSA	=	4936.30658500
AYIDNYNKK	>	5000.00000000
AYIDNYNKN	>	5000.00000000
AYIDNKNKF	>	5000.00000000
LWLLWPVTL	=	5057.50376333
AWIDNYNKF	=	5290.62472100
SPFLPLLPI	=	5605.94199800
QYIKWPWYVW	=	5642.11210667
LFTAVTNFL	=	5763.71971600
PYIEQGMMLA	=	6710.59590100
AFSYMDDVV	=	7051.19002400
SFHQQSSGIL	=	7274.56376400
LPIHTAELLA	=	7451.37697000
RPVFPCWWL	=	7619.32434400
NLSWLSLDV	=	7949.56195700
HLYSHPIIL	=	10193.58018950
WFVGLSPTV	=	11610.16393150
LLSSNLSWL	=	12503.50233050
PYKEFGATV	=	13985.23520850
SLFTAVTNF	=	14678.29752850
QFKQKALGLL	=	14843.92743800
FPDHQLDPA	=	16949.72861050
ERYFRINSL	=	19961.93781000
NFTGLYSSTV	=	22290.90913800
GLYSSTVPVF	=	23244.72191750
GYRRCRASGV	=	27015.24663050
HLPLHPAAM	=	27351.21668200
SPTVWLSVI	=	31430.07733000
PLPIHTAELL	=	32392.11507000
YLHTLWKAGI	=	33285.45118950
VYHGAGTRTI	=	33879.12071900
YYRGLDVSVI	=	33959.76879000
APFTQCGYPA	=	35375.30000000
PLRNTHPQAM	=	37876.94509850
PFTQCGYPA	=	39070.65454850
LLLDDEAGPL	=	39115.95744850
LYKLMGHFSW	=	41309.92384733
APRTLVYLL	>	41407.00000000
SFHQQSSGI	=	41475.34238800
HPAAMPHLL	=	41968.01363150
VFSRMETKLI	=	45376.79498050
VFTGLTHIDA	=	52411.94353000
GDYKLVEI	=	56368.55524000
CLTFGRETVI	=	61680.00248000
NYRVSWPKFA	=	63757.49531750
PPNAPILSTL	>	70044.00000000
HYVPESDAAA	>	70044.00000000
CLHQSPVRKA	>	70044.00000000
TPSRVTGGVF	>	70044.00000000
GFTGDFDSVI	>	70044.00000000
MALMKLAAL	>	72623.00000000
GYAFEHIVY	=	77800.00000000
AYIDNYNKR	>	77814.00000000
LYGVGSSIA	>	77814.00000000
CFARSRSGA	>	77814.00000000
PMGVGLSPF	>	77814.00000000
APIDNYNKF	>	77814.00000000
TILGIGTVL	>	77814.00000000
DLQHGAESF	>	77814.00000000
YLVSFGVWI	>	77814.00000000
FRYNGLIHR	>	77814.56954000
