AYIDNFNKL	=	2.50284100
SFPWLLGCAA	=	4.88576200
SYMDDVVLGA	=	5.13000000
SLFTAVTNFL	=	11.04000000
LLPIFFCLWV	=	12.25561600
MFAPTLWARM	=	13.53653500
AYMNTPGLPV	=	30.47617700
SYFVASFRLF	=	35.40794200
VYCFTPSPV	=	46.33555700
SLDSWWTSL	=	49.95995000
TFLATCINGV	=	50.74020300
YYRYNLPTM	=	57.49077267
EFGATVELL	=	57.58197200
TYVYNHLTPL	=	66.48421100
AYIDNYNKF	=	72.54263505
VYALYGMWPL	=	85.02699300
ILLLCLIFLL	=	86.39210000
LFILLLCLIF	=	88.56708600
AYISSEATTPV	=	95.29595700
MYTNVDQDLV	=	114.53447000
SYSPGEINRV	=	154.69752800
SFNCGGEFF	=	160.75499300
FYFTNDVSFL	=	191.94907400
NYMPYVFTLL	=	220.95298533
AVIDNYNKF	=	411.49398700
YYKRYISWCM	=	485.99520800
AYIDKYNKF	<	500.00000000
AYIDNYKKF	<	500.00000000
KYIDNYNKF	<	500.00000000
PPTCPGYRWM	=	529.24895900
VFDITKLLL	=	576.03256700
GLKFRQLLWF	=	753.90870000
TWLTYHGAI	=	822.92619933
LYDANYFVCW	=	962.15553400
ASIDNYNKF	=	970.80751300
SLYSILSPF	=	995.65952100
AHIDNYNKF	=	1093.00157400
ALMPLYACI	=	1130.80893300
HYPCTINYTI	=	1254.14545100
AYIDNYNKT	=	1278.59682900
QFKQKALGL	=	1284.10299000
SLNFMGYVI	=	1436.82473200
ERYFRIHSL	=	1751.07774600
VYSTTSRSA	=	1843.39408700
FLFILLLCL	=	2369.12039000
HYVQMAIIKL	=	2470.24910400
LWPVTLACF	=	2592.62993267
SLTNLLSSNL	=	2787.83585400
FYPKVTKYL	=	2908.64997300
GPLLVLQAGF	=	3475.02175200
CYGSLPQEHI	=	3710.77083200
QWNLVIGFLF	=	3967.84220400
DHQAAFQYI	=	4081.68686200
TFSPTYKAF	=	4893.48198500
ANIDNYNKF	>	5000.00000000
LYNSTFFSTF	=	5176.93658933
AFASRGNHV	=	5328.70389800
IPQSLDSYWTSL	=	5901.55365700
GLLGFAAPF	=	7190.64084400
NFPYLVAYQA	=	7374.65834300
YYFMKFRRVF	=	7808.51507933
CMTTAQGTSM	=	7818.69101600
YFVRVQGLL	=	8337.92903700
AFTAAVTSPL	=	8563.11532300
KLHLYSHPI	=	8744.93993200
GLSRYVARL	=	8961.05989500
RILHNFAYSL	=	9024.07873900
FLPLLPIFF	=	9929.19865200
PYIEQGMML	=	10216.08244850
DPASRDLVV	=	11553.24411100
KPYYPEHLV	=	12203.29113850
SPYSWEQDL	=	16160.33214200
DFSLDPTFTI	=	16617.96491900
VYEAADAIL	=	17206.33582750
AQFSPQYL	=	18740.55512000
GLYSSTVPV	=	19078.96621050
GFQYSPGQRV	=	19313.03620800
RFAPPCKPL	=	19706.04339200
SLYADSPSV	=	24628.76035800
TYSAGIVQI	=	27947.24228850
PFTQCGYPAL	=	28910.21012200
YFSMVGNWA	=	30955.02596750
LYACIQSKQA	=	32041.46000000
SGPSNTYPEI	=	32737.31510000
IFSRIGDPAL	=	32855.66294100
PLPIHTAEL	=	33496.57217950
LLSFLPSDF	=	34359.69962800
RLLLLDDEA	=	35781.22677200
LLDDEAGPL	=	38092.71021900
KFYGPFVDR	=	38144.42529000
LPIHTAELL	=	41614.89219750
GFHPTARRPF	=	41667.05963750
FFTELDGVRL	=	41866.37980150
FVGLALLTL	=	42072.53146800
LPQEHIIQKI	=	42159.36422050
DFAQGWGPI	=	42353.08580150
TYPVLEEMF	=	44333.07338150
PYLVAYQATV	=	48258.91880950
DPALNMENI	=	48637.46408850
ILGFRKIPM	=	49197.53570200
LLEDWGPCA	=	49429.53227750
LLSFLPSDFF	=	52534.26859050
DPSRGRLGL	=	53752.67537200
NMENITSGF	=	60957.99793750
RLGLSRPLL	=	65558.17577000
KFPGGGQIV	=	66980.11546850
LYIIKLVFLW	=	70000.00000000
SPVRKAAYPA	>	70044.00000000
HPIILGFRKI	>	70044.00000000
IPWTHKVGNF	>	70044.00000000
ILSTLPETTV	>	70044.00000000
NPHNTAESRL	>	70044.00000000
AYIDNYNKQ	=	71268.58909000
PPAYRPPNA	>	77814.00000000
GFSYDTRCF	>	77814.00000000
RLSSNSRIL	>	77814.00000000
QPTPLSPPL	>	77814.00000000
NPHWKTPSF	>	77814.00000000
WPDANKVGA	>	77814.00000000
VPSHLPDRV	>	77814.00000000
KTKDYVNGL	>	77814.56954000
YQAVVPLVY	>	77814.56954000
YVIKVSARV	>	77814.56954000
