RTMSYKLAI	<	1.00000000
RAEDNADYL	=	1.08081900
RLSATLQRI	=	1.49845800
ILLLSVYGI	=	4.18283100
AAMQIIRDI	=	4.37584100
KVDFLEENI	=	6.28705200
LGMSLNFPI	=	8.48840700
FVLGFLGFL	=	61.75877400
SLIANIDWI	=	71.14862200
GVLNWAAQI	=	78.91285300
QLLALADRI	=	148.27590200
YVMGIITGC	=	159.39974300
GCQKILSVL	=	161.46615600
AMQIIRDII	=	161.61351500
LSSLSCEGQ	=	225.87907900
QTSQWDDPW	=	270.94937500
LVNQIIEEM	=	355.85521200
QSQGVVEAM	=	546.20448100
CKMNWFLNW	=	1235.40138600
LAIDMSHFI	=	1332.69379400
WLSTYAVRI	=	1507.69207900
LSQLYRPLE	=	1880.70956800
YIQYGVYIV	=	2280.75229800
IVQQQQQLL	=	2753.33829200
HLKNQIDRI	=	2975.32090400
KANPDVTLV	=	3008.09363600
LVSQGIRQV	=	3173.97947600
IVIWGQVPK	=	3413.10843600
QAQLNAWGC	=	3491.21493700
ISLNKYYNL	=	4165.31843700
LAWKFDPTL	=	4863.56545000
KARLMAEAL	=	5526.38027700
LALKVVSDV	=	5814.93635500
LLSRVYQIL	=	6610.27145400
KLNSWDVFG	=	7713.97370000
NSDLGTWQM	=	8000.00000000
LVGVLNWAA	=	8737.70759300
RSQGENPTW	=	8874.96283600
KGWLSTYAV	=	10881.14159000
HIRQIINTW	=	10965.86158000
LAGIVQQQQ	=	12128.56500000
FLIRQLIRL	=	12309.14910000
QLIRLLTWL	=	12492.19482000
WIDGNQTNI	=	13014.94443000
LAGAWGDLW	=	14200.00000000
HSQPINDRP	=	14326.70638000
WTDYWQVTW	=	15625.00000000
WEQWWTDYW	=	15713.48403000
IIVDSQYVM	=	16012.81538000
YLQYGWSYF	=	17005.42560000
LIASDRTDL	=	18524.87245000
LAIQQLQNL	=	19316.68523000
YMQLGKQQR	=	21053.80000000
LYCKMNWFL	=	21979.34911000
ALQGGDRGF	=	22304.98684000
QANSDLGTW	=	23002.18531000
RIVIYIVQM	=	23800.00000000
YIHFLIRQL	=	26462.80620000
YSKNFWTDV	=	27086.44892000
LSVYGIYCT	=	27749.25848000
DSQYVMGII	=	28127.20000000
GLDKGLSSL	=	29774.56671000
VSQGIRQVL	=	31098.52068000
GVYIVVGVI	=	40291.14820000
SSCIAQDNC	=	44280.74428000
LEQTTNQQA	=	47600.00000000
KSQDNQWSY	=	47600.00000000
RLINMITTE	=	47600.00000000
QLLIAILLL	=	49507.37715000
IAQDNCTGL	=	50000.00000000
WIQLGLQKC	=	50636.96835000
KSLYNTVCV	=	51434.44999000
IVLMAVHCM	=	51708.76900000
ILQRLSATL	=	54554.47256000
LLRIVIYIV	=	55500.00000000
QIQWMYRQQ	=	76900.00000000
KGLGVNPTL	>	76923.07692000
LLHSTYFPC	>	76923.07692000
LIQNANPDC	>	76923.07692000
KIILSQEQE	>	76923.07692000
FLMALTDSG	>	76923.07692000
