RLSATLQRI	=	1.49845800
ILLLSVYGI	=	4.18283100
AAMQIIRDI	=	4.37584100
YVMGIITGC	=	159.39974300
AMQIIRDII	=	161.61351500
LAIDMSHFI	=	1332.69379400
WLSTYAVRI	=	1507.69207900
YIQYGVYIV	=	2280.75229800
LALKVVSDV	=	5814.93635500
LLSRVYQIL	=	6610.27145400
KGWLSTYAV	=	10881.14159000
LAGAWGDLW	=	14200.00000000
WTDYWQVTW	=	15625.00000000
WEQWWTDYW	=	15713.48403000
YLQYGWSYF	=	17005.42560000
LAIQQLQNL	=	19316.68523000
YMQLGKQQR	=	21053.80000000
LYCKMNWFL	=	21979.34911000
QANSDLGTW	=	23002.18531000
IAQDNCTGL	=	50000.00000000
KGLGVNPTL	>	76923.07692000
