RVYQILQPI	<	1.00000000
RTMSYKLAI	<	1.00000000
RAEDNADYL	=	1.08081900
YAEDNADTL	=	1.43871800
RLSATLQRI	=	1.49845800
LVQYMDDIL	=	3.71094400
ILLLSVYGI	=	4.18283100
AAMQIIRDI	=	4.37584100
LGMSLNFPI	=	8.48840700
FVLGFLGFL	=	61.75877400
SLIANIDWI	=	71.14862200
QLLALADRI	=	148.27590200
YVMGIITGC	=	159.39974300
AMQIIRDII	=	161.61351500
QTSQWDDPW	=	270.94937500
KMNWFLNWV	=	349.98090700
LVNQIIEEM	=	355.85521200
IQQLQNLAI	=	488.08590600
CKMNWFLNW	=	1235.40138600
LAIDMSHFI	=	1332.69379400
WLSTYAVRI	=	1507.69207900
KTFGWLWKL	=	1577.75030600
LSQLYRPLE	=	1880.70956800
YIQYGVYIV	=	2280.75229800
KILSVLAPL	=	2569.93843900
KANPDVTLV	=	3008.09363600
IVIWGQVPK	=	3413.10843600
QAQLNAWGC	=	3491.21493700
LIQKALFMH	=	3520.07948100
QAIEDVWQL	=	5497.09451800
KARLMAEAL	=	5526.38027700
LALKVVSDV	=	5814.93635500
QQQQLLDVV	=	5983.62726100
LLSRVYQIL	=	6610.27145400
KLNSWDVFG	=	7713.97370000
NSDLGTWQM	=	8000.00000000
LVGVLNWAA	=	8737.70759300
RSQGENPTW	=	8874.96283600
KGWLSTYAV	=	10881.14159000
HIRQIINTW	=	10965.86158000
QLIRLLTWL	=	12492.19482000
WIDGNQTNI	=	13014.94443000
LAGAWGDLW	=	14200.00000000
WTDYWQVTW	=	15625.00000000
WEQWWTDYW	=	15713.48403000
YLQYGWSYF	=	17005.42560000
KIIIVAVHV	=	18184.82419000
IVIYIVQML	=	18224.82300000
LAIQQLQNL	=	19316.68523000
GNQLLIAIL	=	19996.00120000
YMQLGKQQR	=	21053.80000000
LYCKMNWFL	=	21979.34911000
ALQGGDRGF	=	22304.98684000
QANSDLGTW	=	23002.18531000
KDQAQLNAW	=	23063.28020000
ILQPILQRL	=	23200.00000000
KVDMVNETS	=	25367.31447000
YIHFLIRQL	=	26462.80620000
YSKNFWTDV	=	27086.44892000
LSVYGIYCT	=	27749.25848000
GLDKGLSSL	=	29774.56671000
VSQGIRQVL	=	31098.52068000
GVYIVVGVI	=	40291.14820000
FRQYTAFTL	=	43400.00000000
SSCIAQDNC	=	44280.74428000
KVGWAWWTC	=	46676.00280000
LEQTTNQQA	=	47600.00000000
RLINMITTE	=	47600.00000000
IAQDNCTGL	=	50000.00000000
WIQLGLQKC	=	50636.96835000
KSLYNTVCV	=	51434.44999000
IVLMAVHCM	=	51708.76900000
ILQRLSATL	=	54554.47256000
LLRIVIYIV	=	55500.00000000
QGQYMNTPW	=	66600.00000000
LKSLYNTVC	=	71400.00000000
KGLGVNPTL	>	76923.07692000
LLHSTYFPC	>	76923.07692000
LIQNANPDC	>	76923.07692000
PLDLAIQQL	>	76923.07692000
KIILSQEQE	>	76923.07692000
FLMALTDSG	>	76923.07692000
