KVDFLEENI	=	6.28705200
GVLNWAAQI	=	78.91285300
GCQKILSVL	=	161.46615600
LSSLSCEGQ	=	225.87907900
QSQGVVEAM	=	546.20448100
IVQQQQQLL	=	2753.33829200
HLKNQIDRI	=	2975.32090400
LVSQGIRQV	=	3173.97947600
ISLNKYYNL	=	4165.31843700
LAWKFDPTL	=	4863.56545000
LAGIVQQQQ	=	12128.56500000
FLIRQLIRL	=	12309.14910000
HSQPINDRP	=	14326.70638000
IIVDSQYVM	=	16012.81538000
LIASDRTDL	=	18524.87245000
RIVIYIVQM	=	23800.00000000
DSQYVMGII	=	28127.20000000
KSQDNQWSY	=	47600.00000000
QLLIAILLL	=	49507.37715000
QIQWMYRQQ	=	76900.00000000
