LGMSLNFPI	=	8.48840700
FVLGFLGFL	=	61.75877400
SLIANIDWI	=	71.14862200
QLLALADRI	=	148.27590200
CKMNWFLNW	=	1235.40138600
LSQLYRPLE	=	1880.70956800
IVIWGQVPK	=	3413.10843600
QAQLNAWGC	=	3491.21493700
KLNSWDVFG	=	7713.97370000
RSQGENPTW	=	8874.96283600
QLIRLLTWL	=	12492.19482000
WIDGNQTNI	=	13014.94443000
YIHFLIRQL	=	26462.80620000
LSVYGIYCT	=	27749.25848000
GVYIVVGVI	=	40291.14820000
SSCIAQDNC	=	44280.74428000
LEQTTNQQA	=	47600.00000000
RLINMITTE	=	47600.00000000
KSLYNTVCV	=	51434.44999000
LIQNANPDC	>	76923.07692000
