RVYQILQPI	<	1.00000000
YAEDNADTL	=	1.43871800
LVQYMDDIL	=	3.71094400
KMNWFLNWV	=	349.98090700
IQQLQNLAI	=	488.08590600
KTFGWLWKL	=	1577.75030600
KILSVLAPL	=	2569.93843900
LIQKALFMH	=	3520.07948100
QAIEDVWQL	=	5497.09451800
QQQQLLDVV	=	5983.62726100
KIIIVAVHV	=	18184.82419000
IVIYIVQML	=	18224.82300000
GNQLLIAIL	=	19996.00120000
KDQAQLNAW	=	23063.28020000
ILQPILQRL	=	23200.00000000
KVDMVNETS	=	25367.31447000
FRQYTAFTL	=	43400.00000000
KVGWAWWTC	=	46676.00280000
QGQYMNTPW	=	66600.00000000
LKSLYNTVC	=	71400.00000000
PLDLAIQQL	>	76923.07692000
