RTMSYKLAI	<	1.00000000
RAEDNADYL	=	1.08081900
QTSQWDDPW	=	270.94937500
LVNQIIEEM	=	355.85521200
KANPDVTLV	=	3008.09363600
KARLMAEAL	=	5526.38027700
NSDLGTWQM	=	8000.00000000
LVGVLNWAA	=	8737.70759300
HIRQIINTW	=	10965.86158000
ALQGGDRGF	=	22304.98684000
YSKNFWTDV	=	27086.44892000
GLDKGLSSL	=	29774.56671000
VSQGIRQVL	=	31098.52068000
WIQLGLQKC	=	50636.96835000
IVLMAVHCM	=	51708.76900000
ILQRLSATL	=	54554.47256000
LLRIVIYIV	=	55500.00000000
LLHSTYFPC	>	76923.07692000
KIILSQEQE	>	76923.07692000
FLMALTDSG	>	76923.07692000
