RVYQILQPI	<	1.00000000
RTMSYKLAI	<	1.00000000
RAEDNADYL	=	1.08081900
YAEDNADTL	=	1.43871800
LVQYMDDIL	=	3.71094400
KVDFLEENI	=	6.28705200
LGMSLNFPI	=	8.48840700
FVLGFLGFL	=	61.75877400
SLIANIDWI	=	71.14862200
GVLNWAAQI	=	78.91285300
QLLALADRI	=	148.27590200
GCQKILSVL	=	161.46615600
LSSLSCEGQ	=	225.87907900
QTSQWDDPW	=	270.94937500
KMNWFLNWV	=	349.98090700
LVNQIIEEM	=	355.85521200
IQQLQNLAI	=	488.08590600
QSQGVVEAM	=	546.20448100
CKMNWFLNW	=	1235.40138600
KTFGWLWKL	=	1577.75030600
LSQLYRPLE	=	1880.70956800
KILSVLAPL	=	2569.93843900
IVQQQQQLL	=	2753.33829200
HLKNQIDRI	=	2975.32090400
KANPDVTLV	=	3008.09363600
LVSQGIRQV	=	3173.97947600
IVIWGQVPK	=	3413.10843600
QAQLNAWGC	=	3491.21493700
LIQKALFMH	=	3520.07948100
ISLNKYYNL	=	4165.31843700
LAWKFDPTL	=	4863.56545000
QAIEDVWQL	=	5497.09451800
KARLMAEAL	=	5526.38027700
QQQQLLDVV	=	5983.62726100
KLNSWDVFG	=	7713.97370000
NSDLGTWQM	=	8000.00000000
LVGVLNWAA	=	8737.70759300
RSQGENPTW	=	8874.96283600
HIRQIINTW	=	10965.86158000
LAGIVQQQQ	=	12128.56500000
FLIRQLIRL	=	12309.14910000
QLIRLLTWL	=	12492.19482000
WIDGNQTNI	=	13014.94443000
HSQPINDRP	=	14326.70638000
IIVDSQYVM	=	16012.81538000
KIIIVAVHV	=	18184.82419000
IVIYIVQML	=	18224.82300000
LIASDRTDL	=	18524.87245000
GNQLLIAIL	=	19996.00120000
ALQGGDRGF	=	22304.98684000
KDQAQLNAW	=	23063.28020000
ILQPILQRL	=	23200.00000000
RIVIYIVQM	=	23800.00000000
KVDMVNETS	=	25367.31447000
YIHFLIRQL	=	26462.80620000
YSKNFWTDV	=	27086.44892000
LSVYGIYCT	=	27749.25848000
DSQYVMGII	=	28127.20000000
GLDKGLSSL	=	29774.56671000
VSQGIRQVL	=	31098.52068000
GVYIVVGVI	=	40291.14820000
FRQYTAFTL	=	43400.00000000
SSCIAQDNC	=	44280.74428000
KVGWAWWTC	=	46676.00280000
LEQTTNQQA	=	47600.00000000
KSQDNQWSY	=	47600.00000000
RLINMITTE	=	47600.00000000
QLLIAILLL	=	49507.37715000
WIQLGLQKC	=	50636.96835000
KSLYNTVCV	=	51434.44999000
IVLMAVHCM	=	51708.76900000
ILQRLSATL	=	54554.47256000
LLRIVIYIV	=	55500.00000000
QGQYMNTPW	=	66600.00000000
LKSLYNTVC	=	71400.00000000
QIQWMYRQQ	=	76900.00000000
LLHSTYFPC	>	76923.07692000
LIQNANPDC	>	76923.07692000
PLDLAIQQL	>	76923.07692000
KIILSQEQE	>	76923.07692000
FLMALTDSG	>	76923.07692000
