YLCLIQKAL	<	1.00000000
KNWMTQTLL	=	17.38120000
KIGKEAIVI	=	20.87457600
CLIQKALFM	=	44.69000000
NQLLIAILL	=	117.28691700
VIYIVQMLA	=	243.38694200
KLSPLCITM	=	439.62108800
ILQRLSATL	=	475.01134700
GVILLRIVI	=	1162.82271800
GLAKVLGIL	=	1189.02653500
AKQIVQRHL	=	1212.10214500
AIQQLQNLA	=	1248.79390000
QLIRLLTWL	=	1872.19662200
WIAVPTWRI	=	7318.28669800
RVYQILQPI	=	8833.45940800
FLYCKMNWFL	=	11719.99731000
KAVATAPGL	=	13175.84813000
MTGDTPINI	=	14808.72194400
YVDRFYKTL	=	34210.92638000
RTMSYKLAI	=	36417.85203600
LEENITALL	=	41247.25439000
FLGKIWPSYK	=	45501.57552000
RMAKQNSRG	=	60522.75327000
AYISSEATTPV	>	62500.00000000
AVHVASGFI	=	65372.04505000
FLPSDYFPSV	>	71428.57143000
PLTFGWCYKL	>	71428.57143000
ERYFRIHSL	>	76923.07692000
SDYLELDTI	>	76923.07692000
QAQLNAWGC	>	76923.07692000
KFNPMKTYI	>	76923.07692000
AEFKYIAAV	>	76923.07692000
AYIDNYNKV	>	76923.07692000
RIRQGLERA	>	76923.07692000
PPEDPAVDL	>	76923.07692000
YEFLQPILL	>	76923.07692000
