GIVQQQQQL	=	1.73621100
TVPWPNASL	=	2.66559700
LVQYMDDIL	=	9.73618300
LLSRVYQIL	=	134.70552200
VYQILQPIL	=	183.63833100
GFAAPQFSL	=	372.05628800
GLVFHSQPI	=	490.64809200
KTVLPVTIM	=	1344.34834200
ILSVLAPLV	=	1395.09923300
VTPNYADIL	=	2037.57983500
QLLIAILLL	=	4056.04231800
LNKYYNLTM	=	4205.48658100
WIDGNQTNI	=	4428.74910050
KTKDYVNGL	=	4664.14663500
GVYIVVGVI	=	4683.84257400
YIQYGVYIV	=	5322.45970700
MGCLGNQLL	=	6288.13983200
YLPPREGDL	=	9178.14338600
RGGRAFVTI	=	18003.77246000
QLGIPHPAG	=	27723.12440000
KFGLPRIVA	=	36027.73985000
GMSLNFPIA	=	38620.39930000
KINLTAPGG	=	52704.62767000
VGNVYVKF	=	64282.43000000
VLEWRFDSRL	>	71428.57143000
SLLNATDIAV	>	71428.57143000
SGPSNTYPEI	>	71428.57143000
VPGFQALSE	>	76923.00000000
LAYTYEAYV	>	76923.07692000
KAGQYVTIW	>	76923.07692000
IINEEAADW	>	76923.07692000
GLYSSTVPV	>	76923.07692000
AQFSPQYL	>	90909.09091000
GDYKLVEI	>	90909.09091000
YHSNVKEL	>	90909.09091000
