LIRILQRAL	<	1.00000000
YLCLIQKAL	<	1.00000000
YAAISQVDRL	<	1.00000000
MLTACQGVG	<	1.00000000
IVQQQQQLL	=	1.03455100
YLPTQQDVL	=	1.70899600
GIVQQQQQL	=	1.73621100
TVPWPNASL	=	2.66559700
LVQYMDDIL	=	9.73618300
AMGAASLTL	=	14.86654200
KNWMTQTLL	=	17.38120000
KIGKEAIVI	=	20.87457600
LLTALGMSL	=	28.05126800
GPKLKQWPL	=	41.99000000
CLIQKALFM	=	44.69000000
FLGFLATAG	=	106.34986600
GVRLLAHVI	=	107.15599100
NQLLIAILL	=	117.28691700
YRRWIQLGL	=	119.18892000
LLSRVYQIL	=	134.70552200
WMYRQQNPI	=	137.53399600
VYQILQPIL	=	183.63833100
VIYIVQMLA	=	243.38694200
YNPQSQGVV	=	251.10017900
KIIIVAVHV	=	339.59776500
GNYPVQQIG	=	343.08560700
GFAAPQFSL	=	372.05628800
KLSPLCITM	=	439.62108800
ILQRLSATL	=	475.01134700
GLVFHSQPI	=	490.64809200
ILQPILQRL	=	688.81167900
LVGVLNWAA	=	788.36095000
FRQYTAFTL	=	848.36241100
GVILLRIVI	=	1162.82271800
GLAKVLGIL	=	1189.02653500
AKQIVQRHL	=	1212.10214500
AIQQLQNLA	=	1248.79390000
YVADALAAF	=	1252.74787100
ALKHFDPRL	=	1270.99453500
ANSVETIVL	=	1274.05571400
SANLGEEIL	=	1289.00731500
KTVLPVTIM	=	1344.34834200
ILSVLAPLV	=	1395.09923300
YMNHCNTSV	=	1601.22255200
RILHNFAYSL	=	1705.29322600
QLIRLLTWL	=	1872.19662200
VTPNYADIL	=	2037.57983500
YVKYRYLCL	=	3025.41687300
VLNWAAQIY	=	4042.46876800
QLLIAILLL	=	4056.04231800
LNKYYNLTM	=	4205.48658100
LLRIVIYIV	=	4336.32426000
WIDGNQTNI	=	4428.74910050
GSAMGAASL	=	4471.12786100
KTKDYVNGL	=	4664.14663500
GVYIVVGVI	=	4683.84257400
YIQYGVYIV	=	5322.45970700
MGCLGNQLL	=	6288.13983200
WIAVPTWRI	=	7318.28669800
MLKHVVWAA	=	7571.84750700
RVYQILQPI	=	8833.45940800
YLPPREGDL	=	9178.14338600
YCAPPGYAL	=	9776.43496100
PMAQVHQGL	=	10070.74368000
GNQLLIAIL	=	10075.97327000
ATPYDINQML	=	10133.68400100
FLYCKMNWFL	=	11719.99731000
KAVATAPGL	=	13175.84813000
ETFGFEIQSY	=	14779.19332100
MTGDTPINI	=	14808.72194400
GIPHPAGLA	=	14898.84501000
ALAPVPIPF	=	16676.96745000
AMQIIRDII	=	16966.49095000
QVPSLQYLA	=	17015.10581000
RGGRAFVTI	=	18003.77246000
YTAVVPLVY	=	21813.79502700
VIYQYMDDL	=	24186.21002000
FVLGFLGFL	=	25363.37229300
QLGIPHPAG	=	27723.12440000
RNKRGVFVL	=	27946.20257000
IPQSLDSYWTSL	=	31096.99099600
YVDRFYKTL	=	34210.92638000
KFGLPRIVA	=	36027.73985000
HLCRLIRGKM	=	36361.81518000
RTMSYKLAI	=	36417.85203600
RLTARGLLNM	=	38051.73441000
FVNYNFTLV	=	38575.83749000
GMSLNFPIA	=	38620.39930000
LEENITALL	=	41247.25439000
FLGKIWPSYK	=	45501.57552000
WPNASLTPK	=	46621.81397100
MSAEVAELY	=	47216.31957000
EVVPGFQAL	=	49671.04311000
KINLTAPGG	=	52704.62767000
MALTDSGPK	=	54232.61446000
RMAKQNSRG	=	60522.75327000
AYISSEATTPV	>	62500.00000000
ISDSNPYLTQW	>	62500.00000000
VGNVYVKF	=	64282.43000000
AVHVASGFI	=	65372.04505000
MTLTEEVQW	=	70300.00000000
VLEWRFDSRL	>	71428.57143000
KVFPYALINK	>	71428.57143000
FLPSDYFPSV	>	71428.57143000
SLLNATDIAV	>	71428.57143000
SGPSNTYPEI	>	71428.57143000
PLTFGWCYKL	>	71428.57143000
VPGFQALSE	>	76923.00000000
RSATETLAG	>	76923.00000000
VPKFHLPVE	>	76923.00000000
YTSGPGIRY	>	76923.00000000
APVPIPFAA	>	76923.00000000
CIAQDNCTG	>	76923.07692000
ERYFRIHSL	>	76923.07692000
ERYFRINSL	>	76923.07692000
LAYTYEAYV	>	76923.07692000
SEAAYAKKI	>	76923.07692000
SDYLELDTI	>	76923.07692000
KSINKVYGK	>	76923.07692000
KKSEIYVAW	>	76923.07692000
QAQLNAWGC	>	76923.07692000
KFYGPFVDR	>	76923.07692000
KFNPMKTYI	>	76923.07692000
SEIDLILGY	>	76923.07692000
AEFKYIAAV	>	76923.07692000
AYIDNYNKV	>	76923.07692000
RIRQGLERA	>	76923.07692000
PPEDPAVDL	>	76923.07692000
ILKEPVHGV	>	76923.07692000
GSVNVVYTF	>	76923.07692000
YQAVVPLVY	>	76923.07692000
KAGQYVTIW	>	76923.07692000
IRFPKTFGY	>	76923.07692000
YVFPVIFSK	>	76923.07692000
YEFLQPILL	>	76923.07692000
FPYSTFPII	>	76923.07692000
IINEEAADW	>	76923.07692000
GLYSSTVPV	>	76923.07692000
YRHDGGNVL	>	76923.07692000
RRDYRRGL	>	90909.09091000
AQFSPQYL	>	90909.09091000
GDYKLVEI	>	90909.09091000
YHSNVKEL	>	90909.09091000
