YVPEAQTRL	<	1.00000000
RVVLQSKEL	=	13.49520400
WIKYIQYGV	=	16.17121300
HVVWAANEL	=	71.63703100
RIVARQIVD	=	94.48720700
ALVEICTEM	=	105.63108500
KILSVLAPL	=	123.15591100
KLVEITPIGL	=	131.93529300
WRRRWQQLL	=	1064.76023700
AIPPSRSML	=	1478.24045000
MVAWWAGIE	=	3097.38269500
IQQLQNLAI	=	4896.96374700
TIVLMAVHCM	=	8977.36964300
RGPYRAFVTI	=	9490.11290700
RGYVFQGL	=	10860.49783000
FLRGRAYGI	=	11635.57082000
STYFPCFTA	=	12634.61594300
AQEDEEHYL	=	13218.55782000
CLGNQLLIA	=	14232.79762000
DHQAAFQYI	=	15278.30828000
ESRLVNQII	=	17707.82865000
VVGVILLRI	=	18232.51812700
TIMSGLVFH	=	18672.76292000
GVLNWAAQI	=	19418.39094000
TQTSTWFGF	=	20573.22009000
LATAGSAMG	=	56343.61698000
APRTLVYLL	=	71550.46342500
AQIDNYNKF	>	76923.00000000
RRAARAEYL	>	76923.07692000
AYIDNYNKF	>	76923.07692000
RISGVDRYY	>	76923.07692000
YTGDFDSVI	>	76923.07692000
HFIKEKGGL	>	76923.07692000
FRYNGLIHR	>	76923.07692000
YVFPVIFSR	>	76923.07692000
YVIKVSARV	>	76923.07692000
