LIRILQRAL	<	1.00000000
YAAISQVDRL	<	1.00000000
MLTACQGVG	<	1.00000000
YLPTQQDVL	=	1.70899600
LLTALGMSL	=	28.05126800
GPKLKQWPL	=	41.99000000
GVRLLAHVI	=	107.15599100
WMYRQQNPI	=	137.53399600
LVGVLNWAA	=	788.36095000
FRQYTAFTL	=	848.36241100
ANSVETIVL	=	1274.05571400
YVKYRYLCL	=	3025.41687300
VLNWAAQIY	=	4042.46876800
LLRIVIYIV	=	4336.32426000
GSAMGAASL	=	4471.12786100
YCAPPGYAL	=	9776.43496100
PMAQVHQGL	=	10070.74368000
ATPYDINQML	=	10133.68400100
ALAPVPIPF	=	16676.96745000
QVPSLQYLA	=	17015.10581000
VIYQYMDDL	=	24186.21002000
RNKRGVFVL	=	27946.20257000
IPQSLDSYWTSL	=	31096.99099600
HLCRLIRGKM	=	36361.81518000
EVVPGFQAL	=	49671.04311000
MALTDSGPK	=	54232.61446000
ISDSNPYLTQW	>	62500.00000000
KVFPYALINK	>	71428.57143000
RSATETLAG	>	76923.00000000
VPKFHLPVE	>	76923.00000000
APVPIPFAA	>	76923.00000000
CIAQDNCTG	>	76923.07692000
ERYFRINSL	>	76923.07692000
KSINKVYGK	>	76923.07692000
YVFPVIFSK	>	76923.07692000
FPYSTFPII	>	76923.07692000
RRDYRRGL	>	90909.09091000
