LIRILQRAL	<	1.00000000
YLCLIQKAL	<	1.00000000
YAAISQVDRL	<	1.00000000
MLTACQGVG	<	1.00000000
YVPEAQTRL	<	1.00000000
YLPTQQDVL	=	1.70899600
GIVQQQQQL	=	1.73621100
TVPWPNASL	=	2.66559700
LVQYMDDIL	=	9.73618300
RVVLQSKEL	=	13.49520400
WIKYIQYGV	=	16.17121300
KNWMTQTLL	=	17.38120000
KIGKEAIVI	=	20.87457600
LLTALGMSL	=	28.05126800
GPKLKQWPL	=	41.99000000
CLIQKALFM	=	44.69000000
HVVWAANEL	=	71.63703100
RIVARQIVD	=	94.48720700
ALVEICTEM	=	105.63108500
GVRLLAHVI	=	107.15599100
NQLLIAILL	=	117.28691700
KILSVLAPL	=	123.15591100
KLVEITPIGL	=	131.93529300
LLSRVYQIL	=	134.70552200
WMYRQQNPI	=	137.53399600
VYQILQPIL	=	183.63833100
VIYIVQMLA	=	243.38694200
GFAAPQFSL	=	372.05628800
KLSPLCITM	=	439.62108800
ILQRLSATL	=	475.01134700
GLVFHSQPI	=	490.64809200
LVGVLNWAA	=	788.36095000
FRQYTAFTL	=	848.36241100
WRRRWQQLL	=	1064.76023700
GVILLRIVI	=	1162.82271800
GLAKVLGIL	=	1189.02653500
AKQIVQRHL	=	1212.10214500
AIQQLQNLA	=	1248.79390000
ANSVETIVL	=	1274.05571400
KTVLPVTIM	=	1344.34834200
ILSVLAPLV	=	1395.09923300
AIPPSRSML	=	1478.24045000
QLIRLLTWL	=	1872.19662200
VTPNYADIL	=	2037.57983500
YVKYRYLCL	=	3025.41687300
MVAWWAGIE	=	3097.38269500
VLNWAAQIY	=	4042.46876800
QLLIAILLL	=	4056.04231800
LNKYYNLTM	=	4205.48658100
LLRIVIYIV	=	4336.32426000
WIDGNQTNI	=	4428.74910050
GSAMGAASL	=	4471.12786100
KTKDYVNGL	=	4664.14663500
GVYIVVGVI	=	4683.84257400
IQQLQNLAI	=	4896.96374700
YIQYGVYIV	=	5322.45970700
MGCLGNQLL	=	6288.13983200
WIAVPTWRI	=	7318.28669800
RVYQILQPI	=	8833.45940800
TIVLMAVHCM	=	8977.36964300
YLPPREGDL	=	9178.14338600
RGPYRAFVTI	=	9490.11290700
YCAPPGYAL	=	9776.43496100
PMAQVHQGL	=	10070.74368000
ATPYDINQML	=	10133.68400100
RGYVFQGL	=	10860.49783000
FLRGRAYGI	=	11635.57082000
FLYCKMNWFL	=	11719.99731000
STYFPCFTA	=	12634.61594300
KAVATAPGL	=	13175.84813000
AQEDEEHYL	=	13218.55782000
CLGNQLLIA	=	14232.79762000
MTGDTPINI	=	14808.72194400
DHQAAFQYI	=	15278.30828000
ALAPVPIPF	=	16676.96745000
QVPSLQYLA	=	17015.10581000
ESRLVNQII	=	17707.82865000
RGGRAFVTI	=	18003.77246000
VVGVILLRI	=	18232.51812700
TIMSGLVFH	=	18672.76292000
GVLNWAAQI	=	19418.39094000
TQTSTWFGF	=	20573.22009000
VIYQYMDDL	=	24186.21002000
QLGIPHPAG	=	27723.12440000
RNKRGVFVL	=	27946.20257000
IPQSLDSYWTSL	=	31096.99099600
YVDRFYKTL	=	34210.92638000
KFGLPRIVA	=	36027.73985000
HLCRLIRGKM	=	36361.81518000
RTMSYKLAI	=	36417.85203600
GMSLNFPIA	=	38620.39930000
LEENITALL	=	41247.25439000
FLGKIWPSYK	=	45501.57552000
EVVPGFQAL	=	49671.04311000
KINLTAPGG	=	52704.62767000
MALTDSGPK	=	54232.61446000
LATAGSAMG	=	56343.61698000
RMAKQNSRG	=	60522.75327000
AYISSEATTPV	>	62500.00000000
ISDSNPYLTQW	>	62500.00000000
VGNVYVKF	=	64282.43000000
AVHVASGFI	=	65372.04505000
VLEWRFDSRL	>	71428.57143000
KVFPYALINK	>	71428.57143000
FLPSDYFPSV	>	71428.57143000
SLLNATDIAV	>	71428.57143000
SGPSNTYPEI	>	71428.57143000
PLTFGWCYKL	>	71428.57143000
APRTLVYLL	=	71550.46342500
AQIDNYNKF	>	76923.00000000
VPGFQALSE	>	76923.00000000
RSATETLAG	>	76923.00000000
VPKFHLPVE	>	76923.00000000
APVPIPFAA	>	76923.00000000
CIAQDNCTG	>	76923.07692000
ERYFRIHSL	>	76923.07692000
RRAARAEYL	>	76923.07692000
ERYFRINSL	>	76923.07692000
LAYTYEAYV	>	76923.07692000
SDYLELDTI	>	76923.07692000
KSINKVYGK	>	76923.07692000
AYIDNYNKF	>	76923.07692000
QAQLNAWGC	>	76923.07692000
KFNPMKTYI	>	76923.07692000
AEFKYIAAV	>	76923.07692000
AYIDNYNKV	>	76923.07692000
RIRQGLERA	>	76923.07692000
RISGVDRYY	>	76923.07692000
PPEDPAVDL	>	76923.07692000
YTGDFDSVI	>	76923.07692000
HFIKEKGGL	>	76923.07692000
KAGQYVTIW	>	76923.07692000
FRYNGLIHR	>	76923.07692000
YVFPVIFSK	>	76923.07692000
YVFPVIFSR	>	76923.07692000
YVIKVSARV	>	76923.07692000
YEFLQPILL	>	76923.07692000
FPYSTFPII	>	76923.07692000
IINEEAADW	>	76923.07692000
GLYSSTVPV	>	76923.07692000
RRDYRRGL	>	90909.09091000
AQFSPQYL	>	90909.09091000
GDYKLVEI	>	90909.09091000
YHSNVKEL	>	90909.09091000
