IVQQQQQLL	=	1.03455100
AMGAASLTL	=	14.86654200
FLGFLATAG	=	106.34986600
YRRWIQLGL	=	119.18892000
YNPQSQGVV	=	251.10017900
KIIIVAVHV	=	339.59776500
GNYPVQQIG	=	343.08560700
ILQPILQRL	=	688.81167900
YVADALAAF	=	1252.74787100
ALKHFDPRL	=	1270.99453500
SANLGEEIL	=	1289.00731500
YMNHCNTSV	=	1601.22255200
RILHNFAYSL	=	1705.29322600
MLKHVVWAA	=	7571.84750700
GNQLLIAIL	=	10075.97327000
ETFGFEIQSY	=	14779.19332100
GIPHPAGLA	=	14898.84501000
AMQIIRDII	=	16966.49095000
YTAVVPLVY	=	21813.79502700
FVLGFLGFL	=	25363.37229300
RLTARGLLNM	=	38051.73441000
FVNYNFTLV	=	38575.83749000
WPNASLTPK	=	46621.81397100
MSAEVAELY	=	47216.31957000
MTLTEEVQW	=	70300.00000000
YTSGPGIRY	>	76923.00000000
SEAAYAKKI	>	76923.07692000
KKSEIYVAW	>	76923.07692000
KFYGPFVDR	>	76923.07692000
SEIDLILGY	>	76923.07692000
ILKEPVHGV	>	76923.07692000
GSVNVVYTF	>	76923.07692000
YQAVVPLVY	>	76923.07692000
IRFPKTFGY	>	76923.07692000
YRHDGGNVL	>	76923.07692000
