YHIPGDTLF	=	1.39908850
NHMNVELSL	=	2.38807800
SHINVELSL	=	3.57210100
NHINVELSI	=	5.31010500
DRFGLAESLL	=	6.88030100
NHFNVELSL	=	8.34411400
WHLGQGVSI	=	10.13546300
NHINVELLL	=	27.23230200
NHIQVELSL	=	37.86568900
NHINVYLSL	=	51.23142700
FHINVELSL	=	53.28845100
NHHNVELSL	=	53.51931900
NHINVEYSL	=	53.58056700
NHINVELTL	=	57.21258100
NRINVELSL	=	73.49453900
NHINVMLSL	=	82.22046200
NHINNELSL	=	119.92882800
DHQAAMQII	=	125.00790400
NHINVELIL	=	131.56740200
DHINVELSL	=	143.28413100
NHINVEVSL	=	160.79784600
NHINVELWL	=	163.40444600
AHINVELSL	=	169.39677100
NHINVELRL	=	175.03672000
NHINSELSL	=	184.55026700
YHLGGIEGL	=	188.00000000
SHAKVLVTF	=	208.00000000
NHINTELSL	=	216.44531400
IHIPGDTLF	=	301.18754097
SQGIRQVLFL	=	303.48216100
NHINVELGL	=	406.51425400
NHINVEKSL	=	497.72531700
HQTNAMAPI	=	541.01176850
NAINVELSL	=	850.04424300
NHINVELSA	=	1082.11745100
KRHKEFALF	=	1102.00000000
RQYTAFTL	=	1321.05448400
SHETVIIEL	=	1890.00000000
NHINVELSG	=	1998.95921300
NRVTQDFTEV	=	2380.06707200
NSINVELSL	=	3236.61207300
NQMGICSCGL	=	3890.00000000
NPINVELSL	=	4665.32529800
IHFLIRQL	=	11697.75817000
AQIDNYNKF	=	14431.81601000
GSVNVVYTF	=	18001.14008000
AVRLVVGPL	>	20000.00000000
APIEHIASM	>	20000.00000000
DIRQDVIAM	>	20000.00000000
DPKKTGGPI	>	20000.00000000
DILASIIDY	>	20000.00000000
AVSKNRRQL	>	20000.00000000
AVRQFRASV	=	20000.00000000
ETESVNSNY	=	20000.00000000
ETIEILRNY	>	20000.00000000
EVATRFNTM	>	20000.00000000
FSDVSHWWQ	=	20000.00000000
FTENGPWMY	>	20000.00000000
HAPWTQMAM	>	20000.00000000
GPAGYTAAL	=	20000.00000000
FVNRYGVAY	=	20000.00000000
GTEEIRSLF	=	20000.00000000
IPRLLRTFL	>	20000.00000000
IIYYQLAGY	>	20000.00000000
IVAQGIAAL	=	20000.00000000
KLTQGRQTY	>	20000.00000000
MLVGHMPFM	=	20000.00000000
LPVFATIGL	=	20000.00000000
YTFEPHYFY	>	20000.00000000
YSKPWMAFF	=	20000.00000000
YHRPLTGYM	>	20000.00000000
WPEIVGAIV	=	20000.00000000
WFREDRSPV	=	20000.00000000
VTRPLRTMV	>	20000.00000000
VTFFCVMTY	=	20000.00000000
PSEKRIGAY	>	20000.00000000
SVIDHIHYM	=	20000.00000000
RPQLWRYRW	=	20000.00000000
VTECKLIYY	>	20000.00000000
VPRLGDKTF	>	20000.00000000
VPAWLPLGI	=	20000.00000000
TPRIANRLL	>	20000.00000000
TPALATRGF	>	20000.00000000
TPALAARGF	>	20000.00000000
WPAGRLVEA	>	20000.00000000
RSTLANGWY	=	20000.00000000
RSNDTELNY	>	20000.00000000
RPRVAQLTF	=	20000.00000000
YYLEKANKI	>	20000.00000000
EPFSRRHPL	=	20000.00000000
ELRSRYWAI	>	20000.00000000
ELIRRVRRY	>	20000.00000000
ELIKELPGY	>	20000.00000000
EKPKFLPDL	>	20000.00000000
EIYRTLYGL	>	20000.00000000
SPRSRNRSF	=	20000.00000000
RPAGARAAF	=	20000.00000000
RGRIGRTYL	=	20000.00000000
QWSPGPGRL	>	20000.00000000
RPAIVVPAF	=	20000.00000000
SRARIKTRL	=	20000.00000000
SSNPVMSRF	>	20000.00000000
NFINVELSL	=	25435.63595000
KVFPYALINK	>	70422.53521000
KTKDYVNGL	>	70422.53521000
SEIDLILGY	>	70422.53521000
