WHINVELSL	<	1.00000000
WQIEYIHFL	=	2.41616100
WRMLIDFREL	=	3.16417000
NHINVEFSL	=	4.00960100
HHINVELSL	=	4.34507300
NHIWVELSL	=	5.32556500
NHINVELYL	=	7.40822300
NHANVELSL	=	10.50290700
NHISVELSL	=	17.78229000
DRFGLAESL	=	30.09571550
NHIGVELSL	=	31.66719100
NHINVEASL	=	37.14377900
NHINVLLSL	=	41.14319600
NHINVELSF	=	47.46489700
NHICVELSL	=	50.90377300
NHIMVELSL	=	51.20523600
NHLNVELSL	=	51.71248100
NHGNVELSL	=	58.46003100
NHINVNLSL	=	65.55362600
NHINGELSL	=	79.88179500
NHINVGLSL	=	85.94985300
NHIYVELSL	=	89.85295900
NHINVESSL	=	94.81554000
NHINVILSL	=	115.80221400
NHIKVELSL	=	120.02123800
NHINVENSL	=	136.41857900
SRVYQILQPIL	=	156.41131700
NHINVALSL	=	184.49713800
NHINAELSL	=	205.79551000
NHIIVELSL	=	251.92198700
NHINVELAL	=	276.43392800
NHINVELML	=	348.68775100
NHTTTGKTSL	=	569.00000000
VHDTNATKL	=	747.00000000
NHINVELSC	=	998.21757700
NHKNVELSL	=	1006.65513200
NHINVELSK	=	1011.11430300
GHQAAMQML	=	1015.97932200
NHLPRELIF	=	1123.17188900
NMINVELSL	=	1295.48286800
VPSLQYLAL	=	1526.07670450
YEFLQPILL	=	1563.07628000
NRIDILDSAM	=	1603.34006800
NCINVELSL	=	1608.68111700
FEMKAPFSSL	=	3339.50301300
NHINVELSN	=	5180.86816700
NDINVELSL	=	5651.13713200
NLINVELSL	=	6778.55865900
SHEGEGIPL	=	6989.00000000
NWINVELSL	=	8896.00854500
NHINVELSD	=	12855.80183000
NHINVELSE	=	15817.38628000
AVRNAKAAV	>	20000.00000000
APAKKAAPA	=	20000.00000000
DTLKVCIGY	>	20000.00000000
AVAVARVAA	=	20000.00000000
DIAEHGAYY	=	20000.00000000
CTDPYSQMV	=	20000.00000000
AYDDAEQMY	=	20000.00000000
AVRQKSRWI	>	20000.00000000
APRARTAAF	>	20000.00000000
FIRYGDASL	=	20000.00000000
EVHYSGINY	>	20000.00000000
EVFEIIRSY	=	20000.00000000
EVAEKDAMY	>	20000.00000000
DTLKVGNTY	>	20000.00000000
ATRAVMMGL	=	20000.00000000
FVAAFDHFY	>	20000.00000000
GTEELKSLY	>	20000.00000000
GSEEIKSLY	=	20000.00000000
IPAHPLRML	=	20000.00000000
IPFSEGKAL	>	20000.00000000
IVRTNRNEL	>	20000.00000000
LLRDNRAAL	=	20000.00000000
IVKQGRDAL	=	20000.00000000
LYKTIVNIW	>	20000.00000000
MPRLSRNAA	>	20000.00000000
DTWHGFKNM	>	20000.00000000
MTRVTNNVY	>	20000.00000000
YRYGFVANF	>	20000.00000000
YNIDRLNAL	>	20000.00000000
YHSQGSWYK	=	20000.00000000
EFTSFFYRY	=	20000.00000000
YTVRGTGKY	=	20000.00000000
NTDAFSREY	>	20000.00000000
VPPFPRTAF	>	20000.00000000
VPAMFTAAL	>	20000.00000000
VPADHRLAF	>	20000.00000000
TVADIWHAM	>	20000.00000000
TTSDFFVNY	=	20000.00000000
TVRPGNKGY	=	20000.00000000
RPMSASRPA	>	20000.00000000
RPRQRGIPF	=	20000.00000000
RVYAELAAL	>	20000.00000000
EPADHLAIM	=	20000.00000000
ESTINLLPY	=	20000.00000000
EIIFYHPTF	=	20000.00000000
SARTNCLAV	>	20000.00000000
RARKRGITL	>	20000.00000000
SRTPSGKRL	=	20000.00000000
RPRRASSPF	=	20000.00000000
STSRSYMSF	>	20000.00000000
RGKLKRRAI	>	20000.00000000
NHINVELST	=	27174.35509000
FRYNGLIHR	=	62727.76500000
AYIDNYNKF	=	67461.60227000
