NHINDELSL	=	9.10620500
QHINVELSL	=	11.35122200
THINVELSL	=	17.15524900
NHIYNRHGDTL	=	19.18882200
NHYNVELSL	=	19.69510200
NHINVQLSL	=	31.28481400
NHINVRLSL	=	31.59813300
NHINVTLSL	=	48.37961700
NHINVEPSL	=	60.37362000
NHINVSLSL	=	62.08699700
NHINEELSL	=	64.17369600
NHIHVELSL	=	66.84663000
NHINVWLSL	=	70.68178000
NHIPVELSL	=	76.95307000
NHINVHLSL	=	77.00142200
NHINWELSL	=	86.73886500
NHINVECSL	=	88.61555300
NHENVELSL	=	95.52833000
NHINMELSL	=	97.37809900
NHINVFLSL	=	99.02143900
NHINQELSL	=	100.87058600
NHINVEQSL	=	109.73280400
THIQQDPAL	=	148.22655100
NHINIELSL	=	157.28476600
NHIAVELSL	=	176.31522600
NHINVPLSL	=	188.67502300
NHITVELSL	=	220.85887700
NHINVETSL	=	222.92102900
NHIFVELSL	=	261.39508800
YHSNVKEL	=	364.38429200
NHPNVELSL	=	419.70500300
NHINVELSM	=	457.07228400
NQINVELSL	=	507.42059900
DRGFAAPQFSL	=	581.17779400
LHINVELSL	=	814.74193500
KHFDPRLLTAL	=	1107.48194600
NKINVELSL	=	1138.94013800
NHINVELSV	=	1164.63544600
WRNATIPL	=	2258.98921300
TKDAERGKL	=	2840.00000000
NETWYSADL	=	3924.04234650
ISDPLTSGL	=	5028.00000000
RGFAAPQFSL	=	10522.42234000
NHINVELSH	=	10725.66314000
YRVRNVQTL	=	11094.00000000
NIINVELSL	=	12176.60516000
NTINVELSL	=	16682.69746000
NHINVELSS	=	17400.73581000
FVNYNFTLV	=	18175.52383000
APPHGGIAF	>	20000.00000000
DIVRVFNEY	=	20000.00000000
DIVKGLSGY	>	20000.00000000
DIVGGLFTY	=	20000.00000000
CSEVPQSGY	>	20000.00000000
DSPATLSAY	>	20000.00000000
APRGFRAAF	>	20000.00000000
EIKDRILSY	>	20000.00000000
NSNINVINY	>	20000.00000000
EVNAHIHTM	=	20000.00000000
EVADRVIFM	>	20000.00000000
APSYRNFSF	=	20000.00000000
ITKEKKEEL	=	20000.00000000
GTEEIRSLY	>	20000.00000000
GPRGRHVVL	>	20000.00000000
IPVRRGYTT	>	20000.00000000
IPVSTNGKI	>	20000.00000000
IHLDKGGQF	=	20000.00000000
IPRLGGMAF	>	20000.00000000
KICEYIRSY	=	20000.00000000
KLLNRVIGY	=	20000.00000000
KPKLARGEL	=	20000.00000000
KTDAGASTY	>	20000.00000000
KTDIVNTTY	=	20000.00000000
LARQHIAAL	>	20000.00000000
LPAQLTATA	>	20000.00000000
LVAPHMAMM	>	20000.00000000
YVVSRRGDL	=	20000.00000000
EFFGWAEGY	=	20000.00000000
EIAQHGAWY	>	20000.00000000
WTALMFAAY	>	20000.00000000
WSQNPTMLY	=	20000.00000000
WPRHRRLSI	>	20000.00000000
WIPKRNRSI	=	20000.00000000
WTIGNRAPY	>	20000.00000000
RAVEPGTVL	>	20000.00000000
VSDTTVLLH	>	20000.00000000
VPRENATAF	=	20000.00000000
VIARTHTAL	=	20000.00000000
VSEKYTDMY	>	20000.00000000
VAAKGAPAL	>	20000.00000000
VSFDQNLDY	>	20000.00000000
RVEESRARL	=	20000.00000000
NSSYWRQGY	>	20000.00000000
SIIQEKLGY	=	20000.00000000
RAWGRRLMI	>	20000.00000000
RAAHRRQSV	>	20000.00000000
QPWTPVSSF	=	20000.00000000
AEFKYIAAV	=	30098.39919000
NGINVELSL	=	33109.87750000
AVDLYHFLK	=	36526.60842000
NHINVELSQ	=	39471.77081000
YTAVVPLVY	=	47758.27118000
NHINVELSP	=	56408.12029000
ILYKRETTR	>	70422.53521000
YVIKVSARV	>	70422.53521000
APRTLVYLL	>	70422.53521000
