NHSNVELSL	=	1.45127800
IHIPGDTLY	=	5.43150900
YHINVELSL	=	13.89002000
NHIRVELSL	=	27.28010300
NHINYELSL	=	28.61219700
NHIEVELSL	=	30.20163900
NHINVEMSL	=	50.39612100
MHEDIISLW	=	52.90245400
NHCNVELSL	=	70.49950300
NHWNVELSL	=	76.50055200
RHINVELSL	=	77.46215200
NHINVEESL	=	79.88316700
NHINPELSL	=	89.86917400
NHINHELSL	=	98.96595300
MHINVELSL	=	99.93455200
NHINVDLSL	=	103.12698300
NHINVEDSL	=	112.18622600
NHINVVLSL	=	121.08015400
NHINRELSL	=	136.86181100
NHINVELCL	=	149.79456900
NHILVELSL	=	150.87193700
GHINVELSL	=	153.49555100
NHINVELHL	=	166.39656300
SHYSHNPKL	=	169.05204410
NHVNVELSL	=	177.88378400
NHINVCLSL	=	181.99039900
NHINVELPL	=	235.17173400
KHINVELSL	=	312.86061700
SHGIDVADLF	=	324.00000000
TKDETREQL	=	410.00000000
NHIVVELSL	=	441.24671900
MHFRGGCI	=	445.34181800
FQYTMRHVL	=	503.17134400
KMQEDYALF	=	539.00000000
NHINKELSL	=	599.53107200
THTNGVRLL	=	617.00143250
FPFKYAAAF	=	1268.17542900
NHINVELQL	=	1362.95915200
NRMGICSCGL	=	1616.00000000
WHSLIKYL	=	1629.77607300
SHETVTIEL	=	2480.00000000
TESDAIRTL	=	3770.00000000
YHRFGLYRL	=	4956.00000000
NYMGICSCGL	=	9842.00000000
KMQKEHALF	=	12136.00000000
AVREATAAF	=	20000.00000000
APLAHRLGM	=	20000.00000000
ALRSRWRAL	>	20000.00000000
APKEFRGAL	=	20000.00000000
CTELKLSDY	>	20000.00000000
ETIEDYLGY	>	20000.00000000
FIVEHINAM	>	20000.00000000
EVAESVMFM	=	20000.00000000
ETQTGMHAH	>	20000.00000000
DTTTDISKY	=	20000.00000000
HPRARSMSS	=	20000.00000000
ITMVNSLTY	>	20000.00000000
GSEEIKSLF	=	20000.00000000
GPAFVRTKL	>	20000.00000000
FVHTLLKTY	>	20000.00000000
HPRQFLAFL	=	20000.00000000
HSNLNDATY	>	20000.00000000
IFDDLQGSL	=	20000.00000000
IPAPGLGAL	>	20000.00000000
KPIPHRTVL	>	20000.00000000
IVRQGIRQL	>	20000.00000000
FTNKLINGY	>	20000.00000000
KVRGRLLAL	=	20000.00000000
LPAEVRAAF	>	20000.00000000
LSEEANWAF	=	20000.00000000
LTVKHMANV	=	20000.00000000
NADTGHSIY	=	20000.00000000
NHHPRARSM	>	20000.00000000
TTADHMHML	=	20000.00000000
YPKFHRSAM	>	20000.00000000
YLRQRQAAL	>	20000.00000000
VSRDFDDVY	>	20000.00000000
WSADGSSMY	=	20000.00000000
RPRCAYLPF	>	20000.00000000
THYSGNIVH	>	20000.00000000
VSDGGPNLY	>	20000.00000000
VPRPCQKSL	>	20000.00000000
TVIRFWHAM	=	20000.00000000
TPVEHGLVL	>	20000.00000000
RPKPDYSAM	=	20000.00000000
RVRQQVIQL	=	20000.00000000
RVRQAWDTL	=	20000.00000000
NPKLRNCRI	>	20000.00000000
ELIKAMNHF	>	20000.00000000
EIIPKIKAY	=	20000.00000000
RPVPHWPKY	>	20000.00000000
RPAPARLPL	>	20000.00000000
SPREECGVF	>	20000.00000000
RIRSERPAF	>	20000.00000000
RPRLHSISF	>	20000.00000000
RADSMMLGY	=	20000.00000000
QVQMLINTY	=	20000.00000000
SPVIVNGAM	=	20000.00000000
SSEADCFTY	=	20000.00000000
QVIEYLKPY	>	20000.00000000
SSDDIPPRW	>	20000.00000000
QPKKAAAAL	>	20000.00000000
NNTATGKTSL	=	21287.00000000
NHINVELSR	=	35143.84126000
KTQKEYALF	=	40585.00000000
VQQQQQLL	>	87719.29825000
