RHDITGYIL	=	4.05058500
YHSNVKELVF	=	5.18380800
NHDNVELSL	=	5.95688500
NHIDVELSL	=	6.75093500
FRYCAPPGYAL	=	8.41055400
NHINFELSL	=	10.89416700
SHLEVQGYWHL	=	12.69538800
NHINVEWSL	=	13.35448600
NHINVEHSL	=	14.45886900
FRQYTAFTL	=	16.88771900
NHTNVELSL	=	22.54201500
RHDITGFIL	=	22.88508274
NHINCELSL	=	31.08479000
NHINLELSL	=	49.69290500
CHINVELSL	=	53.07980200
EHINVELSL	=	54.04523800
NHINVELSL	=	57.20214989
NHINVELVL	=	63.55489400
NHRNVELSL	=	70.31216000
NHINVELSW	=	80.32657200
NHINVELEL	=	80.58943500
NHQNVELSL	=	89.73975600
NHINVEISL	=	92.04027000
NHNNVELSL	=	107.70149200
NHINVELFL	=	136.02470300
NHINVEGSL	=	141.08241700
NHINVELNL	=	161.25882800
NHINVELKL	=	201.87648900
NHINVKLSL	=	223.73963700
NHMGICSCGL	=	265.00000000
IHINVELSL	=	289.04592800
NHINVERSL	=	545.91768700
VHINVELSL	=	603.90253100
QHSFMANRM	=	781.00000000
DHQAAMQI	=	827.30403400
IHSDQLSKF	=	929.00000000
WLFSNCRTL	=	992.84787750
NHINVELDL	=	1003.26488000
YADHGANQL	=	1325.00000000
MRMAWGGSYI	=	1379.00000000
PHINVELSL	=	1806.51023100
IHGQANSDL	=	2360.95475000
NHINVELSY	=	4866.60703100
FPYSTFPII	=	9816.62572500
NEINVELSL	=	13864.03933000
NYINVELSL	=	14957.74938000
SMFAFSLSVM	=	15699.07076000
NVINVELSL	=	17078.97715000
AIIDYIAYM	>	20000.00000000
APEEKYLSM	=	20000.00000000
APAKKAAAK	>	20000.00000000
DTGCRIDGY	>	20000.00000000
FPASHMATY	=	20000.00000000
DTRGIFSAY	>	20000.00000000
FIRDCSVAL	>	20000.00000000
EVVDMLSTY	>	20000.00000000
EVIEQWHSL	>	20000.00000000
ETKKTMLAL	=	20000.00000000
ETIGLVRAL	=	20000.00000000
DTVLFNAGL	>	20000.00000000
ASSSNYNTY	=	20000.00000000
APTLHRLGI	>	20000.00000000
APRELLQYI	>	20000.00000000
MSDIFASEV	>	20000.00000000
GTEKLTITY	=	20000.00000000
GPRWPRRMP	=	20000.00000000
GPASLPTAL	=	20000.00000000
FLRDNRAVL	=	20000.00000000
NIVFSPFGY	=	20000.00000000
IYDFYNAEY	>	20000.00000000
MLSSFGWIY	=	20000.00000000
MSAIVSCRY	=	20000.00000000
YPPPRYITV	>	20000.00000000
YLKKGRLSL	>	20000.00000000
YKDANISMY	>	20000.00000000
VTIPQIGGM	>	20000.00000000
STFATVLEY	=	20000.00000000
RPPMVTSGL	=	20000.00000000
NTTQQGDMY	>	20000.00000000
PSDFFYLLF	>	20000.00000000
PTDYAKPQY	>	20000.00000000
VPRDRNGTF	=	20000.00000000
TVAHQVCPY	>	20000.00000000
TTILGLLPM	>	20000.00000000
TPKKPNSAL	>	20000.00000000
RVRGAVTGM	>	20000.00000000
RVRAAMKPI	=	20000.00000000
RVATENIAV	>	20000.00000000
RPLMKNTYL	>	20000.00000000
RPVFARLPF	=	20000.00000000
RVRRLNWAA	=	20000.00000000
EIINNGISY	=	20000.00000000
RPALVVDTP	>	20000.00000000
RAVPPNPTI	>	20000.00000000
RARKRGITM	=	20000.00000000
SSDDFALIV	>	20000.00000000
RPRLWRSVI	=	20000.00000000
YQAVVPLVY	=	25675.29174000
NNINVELSL	=	26751.88182000
YQILQPIL	=	39142.61603000
MKAPFSSLKV	=	47483.57353000
KAGQYVTIW	=	55928.03217000
RISGVDRYY	>	70422.53521000
GLYSSTVPV	>	70422.53521000
