FLDEKTHELL	<	1.00000000
VLDEADEML	<	1.00000000
RIEEELGSKAKF	=	5.29287700
RDIDAATEAKHRL	=	6.52411000
FIDKEDLHDML	=	7.62678600
IDEEDDDLV	=	11.06501900
KDVEKFIRL	=	14.15422700
IEEELGSKAKF	=	62.58045300
NMDDIDEED	=	73.39590600
IDGDGQVNYEEF	=	117.80368900
MDDIDEEDD	=	267.69000000
DIDEEDDDL	=	280.33424600
LDEKTHELL	=	358.43371400
KVDFLEENI	=	360.42000000
TDTPLDLAI	=	1092.53643100
TEDDPQSQHM	=	1223.53999600
QAIEDVWQL	=	1781.26667200
ADELEKIRL	=	2991.62619100
IDAATEAKHRL	=	3623.18794600
EDPAVDLLK	=	10929.12493000
QLLALADRI	=	12539.88535000
DLLKNYMQL	=	33558.56539000
FLYCKMNWF	=	35671.00612000
NDTNYSGFM	=	42507.24961000
QQEKNMYEL	=	45511.60620000
EDDDLVGVS	=	55081.12540000
GGDPEVTFM	>	76923.07692000
GNSSWPWQI	>	76923.07692000
SADLVCEQG	>	76923.07692000
RGVFVLGFL	>	76923.07692000
QTSQWDDPW	>	76923.07692000
