ADDSSSRDSF	<	1.00000000
ADIEPKYDRL	<	1.00000000
HIDEVQNEIDRL	<	1.00000000
RDLAPEVEKL	<	1.00000000
FDDEANHLL	<	1.00000000
WDDPWGEVL	=	1.45360800
AIEDVWQLF	=	1.55633900
GDVEKLSKF	=	3.16778100
KLDRPRYERV	=	13.71552900
FSIPLDEEF	=	15.96010300
ADENPDKSTL	=	24.93815600
YMDDILIAS	=	31.05301100
YKEVTEDLL	=	306.84724100
QEDEEHYLM	=	468.23511700
LDRPRFERV	=	754.19217200
DDSSSRDSF	=	1043.12548300
LDRPRYERV	=	1048.57623600
VQYMDDILI	=	2050.98116200
RFGLAESLL	=	4100.54926700
DDDLVGVSV	=	8321.11360000
QLLIAILLL	=	8916.03194800
EVTEDLLHL	=	9766.84349300
WLSTYAVRI	=	11686.82853000
EKFQKDPPF	=	16761.85376000
TLVQYMDDI	=	20707.88416000
DYSEVALNV	=	26667.74132000
EKMEKDGQL	=	33533.23816000
EYWHDEQGM	=	59761.43047000
NSDLGTWQM	>	76923.07692000
QKDPPFQWM	>	76923.07692000
RILQRALFM	>	76923.07692000
