VLDIGDAYF	<	1.00000000
HDISPQAPTHYL	<	1.00000000
ADDSSSRDSF	<	1.00000000
ADIDGDGQVNYEEF	<	1.00000000
ADIEPKFDRL	<	1.00000000
ADIEPKYDRL	<	1.00000000
HIDEVQNEIDRL	<	1.00000000
YDDEANHLL	<	1.00000000
HDISPQAPTHFL	<	1.00000000
SIDVGYERF	<	1.00000000
RDLAPEVEKL	<	1.00000000
FDDEANHLL	<	1.00000000
KLDDNEALIEKL	<	1.00000000
SLDPGPLEQF	<	1.00000000
RDIDPIITRL	=	1.22379200
GLDDPRLEKL	=	1.25416000
KLDRPRFERV	=	1.29578000
SDIDGDYRV	=	1.37065600
YLDEKTHELL	=	1.40880000
WDDPWGEVL	=	1.45360800
AIEDVWQLF	=	1.55633900
KDIDPEGKKFDRV	=	1.56013100
GDVEKLSKF	=	3.16778100
IDEVQNEIDRL	=	5.22335000
GDVEKLSKY	=	6.25799600
TIGEAFEWL	=	7.50672400
YIDKEDLHDML	=	11.67400000
KLDRPRYERV	=	13.71552900
FSIPLDEEF	=	15.96010300
ADENPDKSTL	=	24.93815600
SLDPGPLEQY	=	25.04088600
YMDDILIAS	=	31.05301100
QWDDPWGEV	=	33.91072200
GDMTPAERL	=	34.67754900
YLEKEEGII	=	37.37319100
KDVEKYIRL	=	53.08547900
AQEDEEHYL	=	84.37263300
TWIPEWDFI	=	106.07165500
RLELGDYKL	=	122.06721700
ALDTSEQERM	=	130.29156800
ETWYSADLV	=	162.85023500
GLDKGLSSL	=	170.00000000
LDDNEALIEKL	=	182.21330700
LDEADEML	=	187.94655300
WDEWVVEVL	=	193.23384700
QQAELEAFL	=	200.25851600
LDDPRLEKL	=	251.66901100
PEDPAVDLL	=	260.30812900
LDTGADDSI	=	306.39000000
YKEVTEDLL	=	306.84724100
SWDVFGNWF	=	318.08826300
ADDSIVTGI	=	321.16282900
SFDAWNNTV	=	373.81000000
NGDYSEVAL	=	382.55000000
NEEAADWDL	=	433.04000000
QEDEEHYLM	=	468.23511700
EWERKVDFL	=	494.10908100
GFSTPEEKF	=	629.64000000
IDKEDLHDML	=	689.04648200
LDRPRFERV	=	754.19217200
RIEEELGSKAKY	=	983.37687400
DDSSSRDSF	=	1043.12548300
LDRPRYERV	=	1048.57623600
LDPGPLEQF	=	1092.22778200
WVVEVLEEL	=	1143.64795800
IDVGYERF	=	1170.21477900
LDPGPLEQY	=	1290.47943500
WQIEYIHFL	=	1403.51188200
FLNWVEDRN	=	1603.42086000
IDPEGKKFDRV	=	1610.40827200
QREPWDEWV	=	1616.93587200
TQDFTEVQL	=	1715.82284000
WDFISTPPL	=	1813.78609000
LEELKEEAL	=	1921.25174800
VQYMDDILI	=	2050.98116200
PWDEWVVEV	=	2332.33270000
SLIANIDWI	=	2758.37143100
LDTSEQERM	=	4079.49237300
RFGLAESLL	=	4100.54926700
WFDLASWIK	=	5143.44499900
AMGAASLTL	=	5509.66278000
IEDVWQLFE	=	5581.80350900
SIPLDEEFR	=	6069.77973400
RTDLEHDRV	=	6451.61290300
LDIGDAYFS	=	6715.19136700
PLDLAIQQL	=	6734.96120600
ELWPTKWKL	=	7200.95635100
DDDLVGVSV	=	8321.11360000
ELEAFLMAL	=	8864.14757800
QLLIAILLL	=	8916.03194800
DDEANHLL	=	9661.94849400
EVTEDLLHL	=	9766.84349300
TTSSVDEQI	=	9827.09033700
DENPDKSTL	=	10238.25195000
DDIDEEDDD	=	11118.74237000
WLSTYAVRI	=	11686.82853000
CDKHYWDAI	=	13558.15361000
NWFDLASWI	=	13608.27635000
EDDPQSQHM	=	13909.31558000
CPDRQAGFL	=	14991.84637000
EEDDDLVGV	=	15338.45285000
VDSQYVMGI	=	15807.43694000
EDLLHLNSL	=	16529.49012000
EKFQKDPPF	=	16761.85376000
CLIQKALFM	=	20065.92558000
TLVQYMDDI	=	20707.88416000
DYSEVALNV	=	26667.74132000
EKMEKDGQL	=	33533.23816000
EKDVWEQWW	=	33583.96931000
EQLLSCCRF	=	42788.43414000
GDHQAAMQI	=	46625.24041000
QDNQWSYKI	=	47673.12946000
DEEDDDLVG	=	51434.44999000
EGQPVEVLL	=	57353.93347000
EYWHDEQGM	=	59761.43047000
EQWWTDYWQ	=	62994.07884000
FVLGFLGFL	=	71428.57143000
KLNSWDVFG	>	76923.07692000
EQIQWMYRQ	>	76923.07692000
NSDLGTWQM	>	76923.07692000
QKDPPFQWM	>	76923.07692000
RILQRALFM	>	76923.07692000
WGDLWETLR	>	76923.07692000
AVDLLKNYM	>	76923.07692000
