VLDIGDAYF	<	1.00000000
HDISPQAPTHYL	<	1.00000000
ADIDGDGQVNYEEF	<	1.00000000
ADIEPKFDRL	<	1.00000000
YDDEANHLL	<	1.00000000
HDISPQAPTHFL	<	1.00000000
FLDEKTHELL	<	1.00000000
SIDVGYERF	<	1.00000000
VLDEADEML	<	1.00000000
KLDDNEALIEKL	<	1.00000000
SLDPGPLEQF	<	1.00000000
RDIDPIITRL	=	1.22379200
GLDDPRLEKL	=	1.25416000
KLDRPRFERV	=	1.29578000
SDIDGDYRV	=	1.37065600
YLDEKTHELL	=	1.40880000
KDIDPEGKKFDRV	=	1.56013100
IDEVQNEIDRL	=	5.22335000
RIEEELGSKAKF	=	5.29287700
GDVEKLSKY	=	6.25799600
RDIDAATEAKHRL	=	6.52411000
TIGEAFEWL	=	7.50672400
FIDKEDLHDML	=	7.62678600
IDEEDDDLV	=	11.06501900
YIDKEDLHDML	=	11.67400000
KDVEKFIRL	=	14.15422700
SLDPGPLEQY	=	25.04088600
QWDDPWGEV	=	33.91072200
GDMTPAERL	=	34.67754900
YLEKEEGII	=	37.37319100
KDVEKYIRL	=	53.08547900
IEEELGSKAKF	=	62.58045300
NMDDIDEED	=	73.39590600
AQEDEEHYL	=	84.37263300
TWIPEWDFI	=	106.07165500
IDGDGQVNYEEF	=	117.80368900
RLELGDYKL	=	122.06721700
ALDTSEQERM	=	130.29156800
ETWYSADLV	=	162.85023500
GLDKGLSSL	=	170.00000000
LDDNEALIEKL	=	182.21330700
LDEADEML	=	187.94655300
WDEWVVEVL	=	193.23384700
QQAELEAFL	=	200.25851600
LDDPRLEKL	=	251.66901100
PEDPAVDLL	=	260.30812900
MDDIDEEDD	=	267.69000000
DIDEEDDDL	=	280.33424600
LDTGADDSI	=	306.39000000
SWDVFGNWF	=	318.08826300
ADDSIVTGI	=	321.16282900
LDEKTHELL	=	358.43371400
KVDFLEENI	=	360.42000000
SFDAWNNTV	=	373.81000000
NGDYSEVAL	=	382.55000000
NEEAADWDL	=	433.04000000
EWERKVDFL	=	494.10908100
GFSTPEEKF	=	629.64000000
IDKEDLHDML	=	689.04648200
RIEEELGSKAKY	=	983.37687400
LDPGPLEQF	=	1092.22778200
TDTPLDLAI	=	1092.53643100
WVVEVLEEL	=	1143.64795800
IDVGYERF	=	1170.21477900
TEDDPQSQHM	=	1223.53999600
LDPGPLEQY	=	1290.47943500
WQIEYIHFL	=	1403.51188200
FLNWVEDRN	=	1603.42086000
IDPEGKKFDRV	=	1610.40827200
QREPWDEWV	=	1616.93587200
TQDFTEVQL	=	1715.82284000
QAIEDVWQL	=	1781.26667200
WDFISTPPL	=	1813.78609000
LEELKEEAL	=	1921.25174800
PWDEWVVEV	=	2332.33270000
SLIANIDWI	=	2758.37143100
ADELEKIRL	=	2991.62619100
IDAATEAKHRL	=	3623.18794600
LDTSEQERM	=	4079.49237300
WFDLASWIK	=	5143.44499900
AMGAASLTL	=	5509.66278000
IEDVWQLFE	=	5581.80350900
SIPLDEEFR	=	6069.77973400
RTDLEHDRV	=	6451.61290300
LDIGDAYFS	=	6715.19136700
PLDLAIQQL	=	6734.96120600
ELWPTKWKL	=	7200.95635100
ELEAFLMAL	=	8864.14757800
DDEANHLL	=	9661.94849400
TTSSVDEQI	=	9827.09033700
DENPDKSTL	=	10238.25195000
EDPAVDLLK	=	10929.12493000
DDIDEEDDD	=	11118.74237000
QLLALADRI	=	12539.88535000
CDKHYWDAI	=	13558.15361000
NWFDLASWI	=	13608.27635000
EDDPQSQHM	=	13909.31558000
CPDRQAGFL	=	14991.84637000
EEDDDLVGV	=	15338.45285000
VDSQYVMGI	=	15807.43694000
EDLLHLNSL	=	16529.49012000
CLIQKALFM	=	20065.92558000
DLLKNYMQL	=	33558.56539000
EKDVWEQWW	=	33583.96931000
FLYCKMNWF	=	35671.00612000
NDTNYSGFM	=	42507.24961000
EQLLSCCRF	=	42788.43414000
QQEKNMYEL	=	45511.60620000
GDHQAAMQI	=	46625.24041000
QDNQWSYKI	=	47673.12946000
DEEDDDLVG	=	51434.44999000
EDDDLVGVS	=	55081.12540000
EGQPVEVLL	=	57353.93347000
EQWWTDYWQ	=	62994.07884000
FVLGFLGFL	=	71428.57143000
GGDPEVTFM	>	76923.07692000
KLNSWDVFG	>	76923.07692000
EQIQWMYRQ	>	76923.07692000
GNSSWPWQI	>	76923.07692000
SADLVCEQG	>	76923.07692000
WGDLWETLR	>	76923.07692000
AVDLLKNYM	>	76923.07692000
RGVFVLGFL	>	76923.07692000
QTSQWDDPW	>	76923.07692000
