HDISPQAPTHYL	<	1.00000000
ADIEPKFDRL	<	1.00000000
YDDEANHLL	<	1.00000000
HDISPQAPTHFL	<	1.00000000
SIDVGYERF	<	1.00000000
SDIDGDYRV	=	1.37065600
GDVEKLSKY	=	6.25799600
QWDDPWGEV	=	33.91072200
ALDTSEQERM	=	130.29156800
LDEADEML	=	187.94655300
QQAELEAFL	=	200.25851600
LDTGADDSI	=	306.39000000
SWDVFGNWF	=	318.08826300
SFDAWNNTV	=	373.81000000
NGDYSEVAL	=	382.55000000
RIEEELGSKAKY	=	983.37687400
LDPGPLEQF	=	1092.22778200
IDPEGKKFDRV	=	1610.40827200
LEELKEEAL	=	1921.25174800
PWDEWVVEV	=	2332.33270000
LDIGDAYFS	=	6715.19136700
ELWPTKWKL	=	7200.95635100
DDEANHLL	=	9661.94849400
DENPDKSTL	=	10238.25195000
DDIDEEDDD	=	11118.74237000
CDKHYWDAI	=	13558.15361000
NWFDLASWI	=	13608.27635000
EDDPQSQHM	=	13909.31558000
EEDDDLVGV	=	15338.45285000
EDLLHLNSL	=	16529.49012000
DEEDDDLVG	=	51434.44999000
EGQPVEVLL	=	57353.93347000
