KLDDNEALIEKL	<	1.00000000
SLDPGPLEQF	<	1.00000000
GLDDPRLEKL	=	1.25416000
IDEVQNEIDRL	=	5.22335000
YIDKEDLHDML	=	11.67400000
YLEKEEGII	=	37.37319100
TWIPEWDFI	=	106.07165500
RLELGDYKL	=	122.06721700
GLDKGLSSL	=	170.00000000
LDDNEALIEKL	=	182.21330700
WDEWVVEVL	=	193.23384700
LDDPRLEKL	=	251.66901100
NEEAADWDL	=	433.04000000
EWERKVDFL	=	494.10908100
IDKEDLHDML	=	689.04648200
WQIEYIHFL	=	1403.51188200
FLNWVEDRN	=	1603.42086000
WDFISTPPL	=	1813.78609000
SLIANIDWI	=	2758.37143100
LDTSEQERM	=	4079.49237300
WFDLASWIK	=	5143.44499900
SIPLDEEFR	=	6069.77973400
RTDLEHDRV	=	6451.61290300
VDSQYVMGI	=	15807.43694000
EKDVWEQWW	=	33583.96931000
QDNQWSYKI	=	47673.12946000
EQWWTDYWQ	=	62994.07884000
FVLGFLGFL	=	71428.57143000
EQIQWMYRQ	>	76923.07692000
WGDLWETLR	>	76923.07692000
AVDLLKNYM	>	76923.07692000
