VLDIGDAYF	<	1.00000000
ADIDGDGQVNYEEF	<	1.00000000
RDIDPIITRL	=	1.22379200
KLDRPRFERV	=	1.29578000
YLDEKTHELL	=	1.40880000
KDIDPEGKKFDRV	=	1.56013100
TIGEAFEWL	=	7.50672400
SLDPGPLEQY	=	25.04088600
GDMTPAERL	=	34.67754900
KDVEKYIRL	=	53.08547900
AQEDEEHYL	=	84.37263300
ETWYSADLV	=	162.85023500
PEDPAVDLL	=	260.30812900
ADDSIVTGI	=	321.16282900
GFSTPEEKF	=	629.64000000
WVVEVLEEL	=	1143.64795800
IDVGYERF	=	1170.21477900
LDPGPLEQY	=	1290.47943500
QREPWDEWV	=	1616.93587200
TQDFTEVQL	=	1715.82284000
AMGAASLTL	=	5509.66278000
IEDVWQLFE	=	5581.80350900
PLDLAIQQL	=	6734.96120600
ELEAFLMAL	=	8864.14757800
TTSSVDEQI	=	9827.09033700
CPDRQAGFL	=	14991.84637000
CLIQKALFM	=	20065.92558000
EQLLSCCRF	=	42788.43414000
GDHQAAMQI	=	46625.24041000
KLNSWDVFG	>	76923.07692000
