VLDIGDAYF	<	1.00000000
HDISPQAPTHYL	<	1.00000000
ADDSSSRDSF	<	1.00000000
ADIDGDGQVNYEEF	<	1.00000000
ADIEPKFDRL	<	1.00000000
ADIEPKYDRL	<	1.00000000
HIDEVQNEIDRL	<	1.00000000
YDDEANHLL	<	1.00000000
HDISPQAPTHFL	<	1.00000000
FLDEKTHELL	<	1.00000000
SIDVGYERF	<	1.00000000
RDLAPEVEKL	<	1.00000000
VLDEADEML	<	1.00000000
FDDEANHLL	<	1.00000000
RDIDPIITRL	=	1.22379200
KLDRPRFERV	=	1.29578000
SDIDGDYRV	=	1.37065600
YLDEKTHELL	=	1.40880000
WDDPWGEVL	=	1.45360800
AIEDVWQLF	=	1.55633900
KDIDPEGKKFDRV	=	1.56013100
GDVEKLSKF	=	3.16778100
RIEEELGSKAKF	=	5.29287700
GDVEKLSKY	=	6.25799600
RDIDAATEAKHRL	=	6.52411000
TIGEAFEWL	=	7.50672400
FIDKEDLHDML	=	7.62678600
IDEEDDDLV	=	11.06501900
KLDRPRYERV	=	13.71552900
KDVEKFIRL	=	14.15422700
FSIPLDEEF	=	15.96010300
ADENPDKSTL	=	24.93815600
SLDPGPLEQY	=	25.04088600
YMDDILIAS	=	31.05301100
QWDDPWGEV	=	33.91072200
GDMTPAERL	=	34.67754900
KDVEKYIRL	=	53.08547900
IEEELGSKAKF	=	62.58045300
NMDDIDEED	=	73.39590600
AQEDEEHYL	=	84.37263300
IDGDGQVNYEEF	=	117.80368900
ALDTSEQERM	=	130.29156800
ETWYSADLV	=	162.85023500
LDEADEML	=	187.94655300
QQAELEAFL	=	200.25851600
PEDPAVDLL	=	260.30812900
MDDIDEEDD	=	267.69000000
DIDEEDDDL	=	280.33424600
LDTGADDSI	=	306.39000000
YKEVTEDLL	=	306.84724100
SWDVFGNWF	=	318.08826300
ADDSIVTGI	=	321.16282900
LDEKTHELL	=	358.43371400
KVDFLEENI	=	360.42000000
SFDAWNNTV	=	373.81000000
NGDYSEVAL	=	382.55000000
QEDEEHYLM	=	468.23511700
GFSTPEEKF	=	629.64000000
LDRPRFERV	=	754.19217200
RIEEELGSKAKY	=	983.37687400
DDSSSRDSF	=	1043.12548300
LDRPRYERV	=	1048.57623600
LDPGPLEQF	=	1092.22778200
TDTPLDLAI	=	1092.53643100
WVVEVLEEL	=	1143.64795800
IDVGYERF	=	1170.21477900
TEDDPQSQHM	=	1223.53999600
LDPGPLEQY	=	1290.47943500
IDPEGKKFDRV	=	1610.40827200
QREPWDEWV	=	1616.93587200
TQDFTEVQL	=	1715.82284000
QAIEDVWQL	=	1781.26667200
LEELKEEAL	=	1921.25174800
VQYMDDILI	=	2050.98116200
PWDEWVVEV	=	2332.33270000
ADELEKIRL	=	2991.62619100
IDAATEAKHRL	=	3623.18794600
RFGLAESLL	=	4100.54926700
AMGAASLTL	=	5509.66278000
IEDVWQLFE	=	5581.80350900
LDIGDAYFS	=	6715.19136700
PLDLAIQQL	=	6734.96120600
ELWPTKWKL	=	7200.95635100
DDDLVGVSV	=	8321.11360000
ELEAFLMAL	=	8864.14757800
QLLIAILLL	=	8916.03194800
DDEANHLL	=	9661.94849400
EVTEDLLHL	=	9766.84349300
TTSSVDEQI	=	9827.09033700
DENPDKSTL	=	10238.25195000
EDPAVDLLK	=	10929.12493000
DDIDEEDDD	=	11118.74237000
WLSTYAVRI	=	11686.82853000
QLLALADRI	=	12539.88535000
CDKHYWDAI	=	13558.15361000
NWFDLASWI	=	13608.27635000
EDDPQSQHM	=	13909.31558000
CPDRQAGFL	=	14991.84637000
EEDDDLVGV	=	15338.45285000
EDLLHLNSL	=	16529.49012000
EKFQKDPPF	=	16761.85376000
CLIQKALFM	=	20065.92558000
TLVQYMDDI	=	20707.88416000
DYSEVALNV	=	26667.74132000
EKMEKDGQL	=	33533.23816000
DLLKNYMQL	=	33558.56539000
FLYCKMNWF	=	35671.00612000
NDTNYSGFM	=	42507.24961000
EQLLSCCRF	=	42788.43414000
QQEKNMYEL	=	45511.60620000
GDHQAAMQI	=	46625.24041000
DEEDDDLVG	=	51434.44999000
EDDDLVGVS	=	55081.12540000
EGQPVEVLL	=	57353.93347000
EYWHDEQGM	=	59761.43047000
GGDPEVTFM	>	76923.07692000
KLNSWDVFG	>	76923.07692000
NSDLGTWQM	>	76923.07692000
QKDPPFQWM	>	76923.07692000
GNSSWPWQI	>	76923.07692000
RILQRALFM	>	76923.07692000
SADLVCEQG	>	76923.07692000
RGVFVLGFL	>	76923.07692000
QTSQWDDPW	>	76923.07692000
