VLDIGDAYF	<	1.00000000
ADDSSSRDSF	<	1.00000000
ADIDGDGQVNYEEF	<	1.00000000
ADIEPKYDRL	<	1.00000000
HIDEVQNEIDRL	<	1.00000000
FLDEKTHELL	<	1.00000000
RDLAPEVEKL	<	1.00000000
VLDEADEML	<	1.00000000
FDDEANHLL	<	1.00000000
KLDDNEALIEKL	<	1.00000000
SLDPGPLEQF	<	1.00000000
RDIDPIITRL	=	1.22379200
GLDDPRLEKL	=	1.25416000
KLDRPRFERV	=	1.29578000
YLDEKTHELL	=	1.40880000
WDDPWGEVL	=	1.45360800
AIEDVWQLF	=	1.55633900
KDIDPEGKKFDRV	=	1.56013100
GDVEKLSKF	=	3.16778100
IDEVQNEIDRL	=	5.22335000
RIEEELGSKAKF	=	5.29287700
RDIDAATEAKHRL	=	6.52411000
TIGEAFEWL	=	7.50672400
FIDKEDLHDML	=	7.62678600
IDEEDDDLV	=	11.06501900
YIDKEDLHDML	=	11.67400000
KLDRPRYERV	=	13.71552900
KDVEKFIRL	=	14.15422700
FSIPLDEEF	=	15.96010300
ADENPDKSTL	=	24.93815600
SLDPGPLEQY	=	25.04088600
YMDDILIAS	=	31.05301100
GDMTPAERL	=	34.67754900
YLEKEEGII	=	37.37319100
KDVEKYIRL	=	53.08547900
IEEELGSKAKF	=	62.58045300
NMDDIDEED	=	73.39590600
AQEDEEHYL	=	84.37263300
TWIPEWDFI	=	106.07165500
IDGDGQVNYEEF	=	117.80368900
RLELGDYKL	=	122.06721700
ETWYSADLV	=	162.85023500
GLDKGLSSL	=	170.00000000
LDDNEALIEKL	=	182.21330700
WDEWVVEVL	=	193.23384700
LDDPRLEKL	=	251.66901100
PEDPAVDLL	=	260.30812900
MDDIDEEDD	=	267.69000000
DIDEEDDDL	=	280.33424600
YKEVTEDLL	=	306.84724100
ADDSIVTGI	=	321.16282900
LDEKTHELL	=	358.43371400
KVDFLEENI	=	360.42000000
NEEAADWDL	=	433.04000000
QEDEEHYLM	=	468.23511700
EWERKVDFL	=	494.10908100
GFSTPEEKF	=	629.64000000
IDKEDLHDML	=	689.04648200
LDRPRFERV	=	754.19217200
DDSSSRDSF	=	1043.12548300
LDRPRYERV	=	1048.57623600
TDTPLDLAI	=	1092.53643100
WVVEVLEEL	=	1143.64795800
IDVGYERF	=	1170.21477900
TEDDPQSQHM	=	1223.53999600
LDPGPLEQY	=	1290.47943500
WQIEYIHFL	=	1403.51188200
FLNWVEDRN	=	1603.42086000
QREPWDEWV	=	1616.93587200
TQDFTEVQL	=	1715.82284000
QAIEDVWQL	=	1781.26667200
WDFISTPPL	=	1813.78609000
VQYMDDILI	=	2050.98116200
SLIANIDWI	=	2758.37143100
ADELEKIRL	=	2991.62619100
IDAATEAKHRL	=	3623.18794600
LDTSEQERM	=	4079.49237300
RFGLAESLL	=	4100.54926700
WFDLASWIK	=	5143.44499900
AMGAASLTL	=	5509.66278000
IEDVWQLFE	=	5581.80350900
SIPLDEEFR	=	6069.77973400
RTDLEHDRV	=	6451.61290300
PLDLAIQQL	=	6734.96120600
DDDLVGVSV	=	8321.11360000
ELEAFLMAL	=	8864.14757800
QLLIAILLL	=	8916.03194800
EVTEDLLHL	=	9766.84349300
TTSSVDEQI	=	9827.09033700
EDPAVDLLK	=	10929.12493000
WLSTYAVRI	=	11686.82853000
QLLALADRI	=	12539.88535000
CPDRQAGFL	=	14991.84637000
VDSQYVMGI	=	15807.43694000
EKFQKDPPF	=	16761.85376000
CLIQKALFM	=	20065.92558000
TLVQYMDDI	=	20707.88416000
DYSEVALNV	=	26667.74132000
EKMEKDGQL	=	33533.23816000
DLLKNYMQL	=	33558.56539000
EKDVWEQWW	=	33583.96931000
FLYCKMNWF	=	35671.00612000
NDTNYSGFM	=	42507.24961000
EQLLSCCRF	=	42788.43414000
QQEKNMYEL	=	45511.60620000
GDHQAAMQI	=	46625.24041000
QDNQWSYKI	=	47673.12946000
EDDDLVGVS	=	55081.12540000
EYWHDEQGM	=	59761.43047000
EQWWTDYWQ	=	62994.07884000
FVLGFLGFL	=	71428.57143000
GGDPEVTFM	>	76923.07692000
KLNSWDVFG	>	76923.07692000
EQIQWMYRQ	>	76923.07692000
NSDLGTWQM	>	76923.07692000
QKDPPFQWM	>	76923.07692000
GNSSWPWQI	>	76923.07692000
RILQRALFM	>	76923.07692000
SADLVCEQG	>	76923.07692000
WGDLWETLR	>	76923.07692000
AVDLLKNYM	>	76923.07692000
RGVFVLGFL	>	76923.07692000
QTSQWDDPW	>	76923.07692000
