HRILDIYLEK	<	1.00000000
YSQSPGGLDK	<	1.00000000
RSQGENPTWK	<	1.00000000
MSAEVAELYR	=	1.26000000
LNAWGCAFR	=	1.79545500
RNSVLSGKK	=	2.24658200
RNTANQKPK	=	3.05800100
FSIPLDEEFR	=	4.60669500
VSMMSMYGK	=	5.04446700
QLLSCCRFPR	=	8.58432700
LSSLSCEGQK	=	8.82224300
TSSTCMMCYK	=	9.52504300
LNRTVEEINR	=	9.64178100
ATSTGNYNYK	=	13.91699300
AAYFVGYLK	=	14.61330300
AIDMSHFIK	=	21.42244000
YTFFSYLMK	=	21.57283200
TNQQAELEAF	=	25.82946900
RVISDGYFK	=	36.08102400
KHYWDAIRFR	=	51.63239700
VNNAEPGKR	=	56.16140900
RAPRRQGCWK	=	57.18614600
MSRGYFEHMK	=	74.38926400
NAILHNIYR	=	89.13450400
RVIWMDAYK	=	92.73685000
YVFPVIFSR	=	99.68290100
QIEYIHFLIR	=	111.66221000
QGQYMNTPWR	=	112.24308900
MGYELWPTK	=	124.22948200
PSLQYLALK	=	137.90684500
GNSSWPWQI	=	138.66107100
GFFRPWSMGK	=	139.87322900
TVYYGVPVWK	=	144.54130930
QILQPILQR	=	168.29607900
ETDRWGLTK	=	205.59871800
PEDPAVDLLK	=	237.52811000
TRYPLTFGW	=	294.66726800
QAWCWFGGK	=	295.04628700
SPAIFQYTMR	=	353.53898900
RGPSCGSAK	=	409.78338000
AIFQSSMTK	=	472.37000000
MAEAEYEENK	=	473.23827100
GIGGFINTK	=	484.29033200
YQILQPILQR	=	491.84041900
ALFLLKLAGR	=	517.16221400
RGFAAPQFSL	=	532.22780200
WPTKWKLQK	=	621.74792600
PNGKKKYMLK	=	630.04197200
TLYCVHQRI	=	679.85260400
HTYHLENDK	=	764.40911200
YTTGGTSRNK	=	778.81939400
TVSLAGSYR	=	867.60367900
VVEAMNHHLK	=	875.19394900
QRLSATLQR	=	1060.04548800
TNNTDKINLT	=	1316.10784200
CCYHCQFCFL	=	1424.29604100
GICYEQSRK	=	1433.85241800
ANLGEEILS	=	1600.55701100
AQFSPQYL	=	1734.20193000
QQDPALPTR	=	1756.26128500
SVIQESCDK	=	1997.08048500
EYRKILRQR	=	2156.62216700
QDYTSGPGIR	=	2422.94606500
SSLSCEGQKY	=	2487.94708300
LKNYMQLGK	=	2705.40813300
QIIEQLIKK	=	3628.03504100
WSMGKEAPQF	=	3646.61508900
AVATAPGLGR	=	4408.66941300
SEIDLILGY	=	4438.02676700
MGGAISMRR	=	5216.28755400
KFYGPFVDR	=	5811.03346600
MNTPWRNPA	=	11995.20210000
ATPYDINQML	=	21435.27372000
SDYLELDTI	=	28169.12585000
RTMSYKLAI	=	38461.53846000
KANPDVTLV	=	52798.57539000
AERKAERKQR	>	70422.53521000
VGKFAKIKNT	>	70422.53521000
IASDRTDLEH	>	70422.53521000
HKRNYVPCHI	>	70422.53521000
VPGFQALSE	>	78125.00000000
KFNPMKTYI	>	78125.00000000
IQLGLQKCV	>	78125.00000000
INEEAADWD	>	78125.00000000
NQRRQRKRR	>	78125.00000000
YTAVVPLVY	>	78125.00000000
RRDYRRGL	>	87719.29825000
