KNSKFKNFR	<	1.00000000
KSQDNQWSYK	<	1.00000000
TNYSGFMPK	<	1.00000000
RNYVPCHIR	<	1.00000000
FQSYVDRFYK	<	1.00000000
GRQTALFLLK	<	1.00000000
QMDCTHLEGK	=	1.07378000
CYHCQFCFLK	=	1.35351200
GNNTGNESR	=	1.78546100
HSNVKELVFK	=	1.93000000
SGFMPKCSK	=	2.39346700
MSAPPAEYK	=	2.70558100
RSRPSGDLR	=	6.07266500
ATIPLFCATK	=	6.11001600
KNVEIEVLGK	=	7.86870400
NKWRMLIDFR	=	8.74281300
MSLYMAISPK	=	10.03951600
KGANFPGLAK	=	11.50692300
KAMLYIIRR	=	11.88684700
YTNEIIGYK	=	13.58677200
ATSRTLSYYK	=	14.22454900
GANFPGLAK	=	15.64833200
RNATIPLFCA	=	20.91887300
ANPDCKLVLK	=	27.08097600
YVFPVIFSK	=	27.67969100
AAAYFVGYLK	=	28.10488700
QNSRGDKQR	=	42.06261500
WTCSRVIFPL	=	52.08190200
RLERWHSLIK	=	67.43421000
AAAQQRGPRK	=	71.13634800
VPSLQYLALK	=	81.73601000
TYYTDGSCNK	=	97.68206900
QNMDDIDEED	=	113.88515700
SGADANCSPR	=	114.78884200
QKALFMHCK	=	124.61575600
LNKYYNLTMK	=	163.34256500
NREAVNHLPR	=	182.33594900
HCQFCFLKK	=	183.64288600
KARLMAEALK	=	203.33098700
GPCYGQMPR	=	303.11877600
ERILSTYLGR	=	320.36266000
IDMSHFIKEK	=	341.63946900
KAGYITDRGK	=	391.39569400
SVITQACPK	=	485.97000000
GDLRQRLLR	=	641.20951400
ENITALLEEA	=	792.19797900
QNANPDCKL	=	811.47696400
FQQSKNSKFK	=	1116.46512500
FGGKWKDAIK	=	1134.11733300
GLLNMADKK	=	1211.02362700
YNETWYSADL	=	3175.79847500
CTLYVTVFY	=	3313.01422400
IYQEPFKNLK	=	3661.84697900
FAAAQQRGPR	=	3942.34441500
ANSVETIVL	=	4333.26314900
VVSTGYHFR	=	4677.26847500
WRNATIPLFC	=	7337.80194800
DAYNIADAAR	=	8976.66068200
GDLWETLRR	=	9636.57800400
RLRPGGKKK	=	10892.32185000
NSWDVFGNWF	=	11072.25867000
KTFGWLWKL	=	11743.91490000
YHSNVKELVF	=	32430.91852000
MVAWWAGIEH	=	34454.09294000
RPVFSSPPS	=	43171.41900000
FVNYNFTLV	=	48112.52243000
RKAKIIKDY	=	48927.38662000
ENLKSLYNTV	=	49239.31303000
KEVDSSSHM	=	65766.70522000
RILHNFAYSL	>	70422.53521000
SGPSNTYPEI	>	70422.53521000
RGPYRAFVTI	>	70422.53521000
ETPLREQENS	>	70422.53521000
MLNCVGDHQA	>	70422.53521000
GLQKCVRMYN	>	70422.53521000
GDAYFSIPLD	>	70422.53521000
HTFGVPYNPQ	>	70422.53521000
RISGVDRYY	>	78125.00000000
QTNPYPTGP	>	78125.00000000
IFQVWQRSW	>	78125.00000000
KYHSNVKEL	>	78125.00000000
GLYSSTVPV	>	78125.00000000
DHQAAFQYI	>	78125.00000000
ERYFRINSL	>	78125.00000000
QNLAIESIP	>	78125.00000000
GDYKLVEI	>	87719.29825000
YHSNVKEL	>	87719.29825000
