ASNKPISNR	<	1.00000000
ANFASQEVK	<	1.00000000
FSNCRTLLSR	=	1.11144500
MSPSYVKYR	=	1.44379000
YSGFMPKCSK	=	1.44867900
GANFASQEVK	=	1.56228300
SNHEREEELR	=	3.13257900
MLIDFRELNR	=	4.95828100
SQDNQWSYK	=	8.30278200
WGDLWETLRR	=	9.44403000
YAVRITWYSK	=	12.78250900
FSTPEEKFQK	=	16.54696500
KSINKVYGR	=	16.84375100
LNMADKKETR	=	18.02109000
CNKQSKEGK	=	18.77036500
FKNFRVYYR	=	21.10921100
RTYIYWHGR	=	24.32761700
STTSTTASAK	=	28.39430100
NNETWQEWER	=	33.67859300
QKALFMHCKK	=	37.89336300
FNGTRAENR	=	39.46315400
MAVHCMNFKR	=	50.41221200
RRSRPSGDLR	=	50.75968400
QKVCYVPHFK	=	60.47648600
QEGCYYQEGK	=	61.34299500
SAEVAELYR	=	63.62473700
TVFYGVPAWR	=	66.60324000
VVMAYVGIK	=	76.42104900
MSLNFPIAKV	=	109.05954900
TALGNHIYNR	=	153.13055500
GFINTKEYK	=	174.69097300
CNDTNYSGF	=	223.32568700
LAYTYEAYVR	=	224.24973300
SNKPISNRTR	=	233.91069900
TTSTTASAK	=	246.77776500
VVYRGTTTYK	=	274.19797100
FETSIKPCVK	=	334.88961000
VIYIVQMLAK	=	336.30936100
GTANQRRQRK	=	363.00421200
KLVDFRELNK	=	401.19678300
STYAVRITWY	=	424.83383600
GKMDHVMAK	=	427.94853400
QGMSPSYVK	=	475.78453900
HLKNQIDRIR	=	480.54148500
RNYVPCHIRQ	=	606.01395300
CKFNMTGLKR	=	717.90424200
FFRPWSMGK	=	751.21239500
DFISTPPLVR	=	822.39570400
CKMNWFLNWV	=	874.21304700
GNYPVQQIGG	=	936.75724200
WGDLWETLR	=	1000.07533000
TVWEVQGYK	=	1091.46474600
MALTDSGPK	=	1165.75286200
FAAPQFSLWR	=	1182.88965600
NSSWPWQIEY	=	1297.06355700
RLRPGGKKKY	=	1425.80462400
LEEAQIQQEK	=	1570.44986700
QGVGGPGQK	=	1603.60986500
AAAQQRGPR	=	4607.87221000
ETFGFEIQSY	=	4621.24774900
CKMNWFLNW	=	4653.18416000
ITMSAEVAEL	=	4698.20968200
FVLGFLGFL	=	5762.24274700
AQLNAWGCAF	=	8714.03841200
IIIVAVHVAS	=	9009.06750500
VGNVYVKF	=	19198.13741000
LNKYYNLTM	=	19931.54753000
GSVNVVYTF	=	32467.24208000
SVETIVLMA	=	40526.03783000
FPYSTFPII	=	48112.52243000
IRILQRALF	=	48696.50365000
QTSTWFGFN	=	49147.31872000
HSNVKELVF	=	55451.16325000
RAIRGEQLL	>	78125.00000000
VSSCTRMME	>	78125.00000000
YEFLQPILL	>	78125.00000000
YVIKVSARV	>	78125.00000000
RRAARAEYL	>	78125.00000000
SEAAYAKKI	>	78125.00000000
AEFKYIAAV	>	78125.00000000
YVADALAAF	>	78125.00000000
TDYWQVTWI	>	78125.00000000
YTGDFDSVI	>	78125.00000000
AYIDNYNKV	>	78125.00000000
FAAPQFSLW	>	78125.00000000
YRHDGGNVL	>	78125.00000000
AQIDNYNKF	>	78125.00000000
