DTNYSGFMPK	<	1.00000000
QSYVDRFYK	<	1.00000000
SNVKELVFK	<	1.00000000
YNTPTFAIK	<	1.00000000
AEEREKLAYR	=	1.04899800
SSLSCEGQK	=	1.96127000
FNMTGLKRDK	=	2.05683400
ETWTVNDIQK	=	2.10810100
KTGMLEMWK	=	2.21972100
KSINKVYGK	=	2.36949700
YNPTNILDVK	=	4.05632300
DNRTIISLNK	=	4.62268500
STWFGFNGTR	=	6.74096800
HSQPINDRPK	=	7.28441300
NTPTFAIKK	=	8.90427600
QGYWHLTPEK	=	12.57824200
SVNNAEPGKR	=	14.03077200
CAPPGYALLR	=	16.85182400
QTSTWFGFNG	=	31.59125600
LVFKFGLPR	=	35.94211300
NETWQEWERK	=	36.43973700
AAPQFSLWRR	=	44.32392000
ACYNTCYCK	=	52.72838200
SASNKPISNR	=	67.66233600
QRALFMHFR	=	81.05882700
YRYLCLIQK	=	82.30103000
ANFASQEVKM	=	90.32418900
STCMMCYKR	=	92.15740500
KVFPYALINK	=	95.45093200
WMGYELWPTK	=	101.07945300
KVCYVPHFK	=	102.26803600
TNYSGFMPKC	=	108.29719000
MAVHCMNFK	=	110.81848000
KALFMHCKK	=	124.71428900
ENPTWKQWRR	=	131.83829500
SGKKADELEK	=	154.49552700
GICYEQSRKR	=	184.72432800
ANFPGLAKVL	=	199.45385300
NTTYDFLAR	=	367.99882200
SGLSEEEVR	=	381.93606800
ANFPGLAKV	=	407.20395000
CKFNMTGLK	=	426.69107500
VTFMWTNCR	=	481.61672400
ISKIYTLIYR	=	514.40329200
SKVVVSSCTR	=	667.86528900
SVNNAEPGK	=	677.24852200
GKNVYLPPR	=	697.58064200
YIVVGVILLR	=	725.97448100
GNIYRRWIQL	=	728.03997000
AVFIHNFKRK	=	948.32360800
WAAQIYPGIK	=	997.78517100
QPAPQQGQLR	=	1041.56943100
CKAMQSPKK	=	1159.07376800
SGLSEEEVRR	=	1709.12397100
NRTVEEINR	=	1903.41560900
AQIYPGIKTK	=	2650.76515300
WQQLLALADR	=	3036.38271600
RIRTWKSLVK	=	3146.14816300
RQGCWKCGK	=	4078.06467600
QGIRQVLFL	=	4414.75136500
WRNPAEEREK	=	5040.28397400
CLGNQLLIA	=	5350.85996800
ANIDWIDGN	=	5576.01256200
KNMYELQKL	=	6178.99777000
SEIYVAWVPA	=	9390.30539300
CYHCQFCFL	=	12658.39011000
YLPTQQDVL	>	24600.00000000
MKCRRPGNK	=	32252.02412000
VYGIYCTLY	=	42906.26650000
WIQLGLQKC	=	43133.19334000
AWGDLWETL	=	43335.95283000
WQMDCTHLEG	=	47079.12319000
CSRVIFPLQE	=	57881.84714000
IPQSLDSYWTSL	>	58139.53488000
ISDSNPYLTQW	>	63291.13924000
HFDPRLLTAL	>	70422.53521000
NQMLNCVGDH	>	70422.53521000
FLPSDYFPSV	>	70422.53521000
FDLASWIKYI	>	70422.53521000
TNPYPTGPGT	>	70422.53521000
KTKDYVNGL	>	78125.00000000
KAGQYVTIW	>	78125.00000000
FPFKYAAAF	>	78125.00000000
FINTKEYKN	>	78125.00000000
YQAVVPLVY	>	78125.00000000
