VNQIIEEMIK	<	1.00000000
GMSLNFPIAK	<	1.00000000
MSLNFPIAK	<	1.00000000
ANTSSASNK	<	1.00000000
YNTPTFAIKK	<	1.00000000
AVDLSHFLK	=	1.02324200
GGIGGFINTK	=	1.28847000
ENSLESSNER	=	1.50296500
ANQKPKEQHK	=	1.51000000
WSYKIHQEDK	=	1.64791300
TSGPGIRYPK	=	1.82785100
SNCRTLLSR	=	1.86816500
RQTALFLLK	=	2.21080400
TTIKPVSYK	=	5.38646800
AGELIRILQR	=	6.11794600
YTFAISYCR	=	7.01017500
HSARQCRAPR	=	8.06565200
YNLTMKCRR	=	8.27644500
EACYNTCYCK	=	17.42573400
LAIDMSHFIK	=	17.43532700
QEKNMYELQK	=	18.53000000
SVNEYHMLK	=	20.98776800
QLNAWGCAFR	=	23.83570900
NPLSAIPPSR	=	30.36790300
TSVIQESCDK	=	57.74677100
KNTHTNGVR	=	65.27169100
HSTYFPCFTA	=	68.76585500
PVYISQFSYK	=	83.03440900
NTPTFAIKKK	=	90.72448600
KQAWCWFGGK	=	104.01155100
RGDKQRGGK	=	107.77816900
GVAMPNLYK	=	126.55985000
ACYNTCYCKK	=	133.76439900
TTKDYFSFK	=	141.13130900
YPKTFGWLWK	=	162.79221200
APQFSLWRR	=	164.38130300
YTMRHVLEPF	=	183.79879500
AVYSSSMVK	=	196.17844400
GDTPINIFGR	=	267.34008700
SPRTLNAWVK	=	298.66372200
KGEGAVILK	=	310.73572600
HAVGQAAERK	=	331.48941900
ASLTLTAQSR	=	338.17131900
ADELEKIRLR	=	432.70769700
GNSSWPWQIE	=	610.33619200
NCRGEFLYCK	=	688.84090900
VVVPDYGTYK	=	693.67369600
WKGPGELLWK	=	753.42566100
TWFGFNGTR	=	887.12951700
VFHSQPINDR	=	893.64198200
KTFGWLWKLV	=	1052.41931200
SNVKELVFKF	=	1070.62736100
QVPLRPMTYK	=	1258.72434600
GTANQRRQR	=	1451.55953300
CDKHYWDAIR	=	3696.20734500
KIRLRPGGK	=	4153.27233000
VFAVLSIVNR	=	4577.93418100
RCNDTNYSGF	=	4748.34181900
FRYNGLIHR	=	6408.04494200
GIPHPAGLK	=	6957.72525000
INTWHKVGK	=	8473.46290000
HMYISKKAK	=	11731.43417000
QIYPGIKVR	=	17099.82741000
PNYADILLHS	=	23873.41899000
EEILSQLYRP	=	32662.99904000
AYIDNYNKF	=	50140.59076000
KGCRCLGEG	=	51925.81155000
NMTGLKRDK	=	52185.35759000
CCYHCQFCF	=	54898.66823000
AYISSEATTPV	>	63291.13924000
VPIPFAAAQ	=	64309.01412000
RQAGFLGLGP	>	70422.53521000
TKDLQKVCYV	>	70422.53521000
PYNPQSQGVV	>	70422.53521000
MGVRNSVLSG	>	70422.53521000
KWKLQKIELP	>	70422.53521000
HLPLSPRTLN	>	70422.53521000
NSGEETIGE	>	78125.00000000
IRFPKTFGY	>	78125.00000000
GTSRNKRGV	>	78125.00000000
TIMSGLVFH	>	78125.00000000
ERYFRIHSL	>	78125.00000000
APRTLVYLL	>	78125.00000000
FLRGRAYGI	>	78125.00000000
TNPYPTGPG	>	78125.00000000
RGYVFQGL	>	87719.29825000
