RQYERYTAL	=	2.00000000
YMYAVSGAL	=	5.00000000
LMMSSPPPI	=	6.00000000
QQYHRFGLY	=	11.00000000
RAYRNALSM	=	17.00000000
IMYDSGAKY	=	22.00000000
GQFNRYAAM	=	34.99995182
LMNELGVPF	=	41.00000000
TQRKKTLGF	=	50.99975712
GQFLSFASL	=	53.99987647
LMMTATGEY	=	87.00000000
RQWFLDLPL	=	93.99953358
YQAYAAPQL	=	96.99994936
SQMGLSCAL	=	117.00000000
YMLDMTFPV	=	120.00005680
FMYEGDTPL	=	131.52121870
YQAFRTKVH	=	132.00022710
MMQGTPYVY	=	132.99945470
MQLPQGGAF	=	144.00000000
AQMWSLMYF	=	153.00024420
AQIGIFAPV	=	191.99946110
YQLEMYHPI	=	196.99933600
YQYGDNLIL	=	204.99925040
QQYAGWSAL	=	207.99983470
YKACHNSEL	=	227.00005810
YMRERFEPM	=	240.00017980
ASYQFQLPY	=	257.99986730
FMFDSDEAM	=	268.00096760
KQLEYSWVL	=	273.00000000
RMNAVSTIL	=	286.99930310
MLMAASRAL	=	319.99838130
YQIEGAWRA	=	342.00121670
WQFAIHYSF	=	358.99891310
GQMYNMNTL	=	365.99975540
AQRWANQIR	=	401.00039550
GMMGGLWKY	=	432.00000000
KQIVIINPM	=	441.99914990
RQHPGLFPF	=	504.99752500
YRFRFRSVY	=	531.99811230
WMLGTGVYL	=	579.99822940
RVYNNTARY	=	613.00000000
EKLKKKSAF	=	1201.00599700
MRMAWGGSY	=	1207.00000000
WIFEIATPL	=	1326.99620000
KLMDVVYSI	=	1779.00000000
MRYFIGQPL	=	2596.00000000
TFMDHVLRY	=	3407.98512500
RMAATAQVL	=	3738.01458200
KEMGFSPRL	=	4146.98350000
RLASSLYVY	=	4582.00000000
RLHDAWWTL	=	24999.99311000
DIRQDVIAM	=	24999.99311000
YQYIFLSFF	=	24999.99311000
