RMMGKTNPL	=	1.00000000
AMYDPQTYY	=	3.00000000
MMWATAQAL	=	3.00000000
RMMGVKYLM	=	3.00000000
KMFNRASYF	=	3.00000000
YMYQYIQEL	=	8.00000000
SQRWCSLRY	=	16.00001764
YQSMIRPPY	=	16.99999488
WQLTSIWPI	=	30.00000000
WMYYPRSPV	=	30.00000000
SQAAFGLPI	=	31.00015026
MMMPMFNAF	=	37.00000000
RMMGKNIFY	=	39.00000000
KQLELFWVI	=	40.00000000
SQAFNTPAL	=	48.99999274
RMGAAVTPY	=	52.00000000
WKYLNAVSL	=	81.00030744
YAYNSSLLY	=	85.00000000
FKTKALAVL	=	86.99988232
ARYGIFLPF	=	89.00024479
RQMRASAPL	=	99.99979463
MQYLNPPPY	=	116.00042450
YMREVGAAL	=	122.99982720
LQKGGVIVY	=	136.99992810
GMFSWNLAY	=	139.00069100
GMMRWCMPV	=	141.99989620
KQYNVTQAF	=	213.99906850
AMSAQAAAF	=	275.99941570
RVFNNYMPY	=	278.99886310
ASYAGAGAY	=	282.00000000
WMIHTLEAL	=	325.99873360
FQKDAKVLF	=	351.99865840
TMHQDVATF	=	395.99891480
YLYLRPYAL	=	409.00170660
TYFEEPAAF	=	441.99914990
LMAFSTGPF	=	486.99993620
KQWGWFALL	=	502.00000000
WMMAMRYPI	=	764.99608620
RLMPDFWEF	=	769.00000000
FMAAFYRVM	=	828.99853780
YHHFKTIEL	=	954.99741340
FLYPSWSLY	=	992.00000000
MEFNSLLAI	=	1852.99904100
MIYNSFNPY	=	2231.00000000
KLYSYGIGY	=	2602.00000000
IMYGGVFSL	=	3463.00000000
KQLEWKWGI	=	4474.00000000
GPMKLVMAF	=	24999.99311000
VTRGAVLMY	=	24999.99311000
VPADHRLAF	=	24999.99311000
LMWASSGFF	=	24999.99311000
