WMYEGKHVL	=	1.00000000
RMMETWHPL	=	1.00000000
GQMAWGYGF	=	1.00000000
MMFDAMGAL	=	2.00000000
IMYNYPAML	=	2.00000000
MMAWRMMRY	=	18.00000000
LQYAIRSVF	=	18.00003912
RQWGMGFLL	=	20.00000000
MQQGRFPPL	=	29.00009014
KQLESVMYL	=	30.00000000
MSWESTAEY	=	34.00000000
WQQWDRQSL	=	39.00017399
KQSSFLSSL	=	49.00000000
MQRSGMLSL	=	55.99973921
WQFGPSTYY	=	59.00024782
SQAPLPCVL	=	60.00001186
AKRYEKSAM	=	64.00010586
KSYEHQTPF	=	69.00000000
RRYDKLMSF	=	70.00000000
FAYKTGSSM	=	77.00000000
RQLLWRYQI	=	95.00000000
YQVPFVQAF	=	99.99979463
VQQESSFVM	=	106.99950470
TQFESLKIY	=	113.00005980
RQWAQDLTL	=	128.99989810
AQRELFFTL	=	139.00069100
RKLGWWLKL	=	159.00000000
VMAASGAPF	=	178.00053870
YMIGYTAYY	=	234.00006460
ALMEVTHVL	=	260.00071790
RMMATKDSF	=	275.00000000
YMYDFILRF	=	288.99982580
KQWSWFSLL	=	378.00000000
HMMAVTLFY	=	446.00000000
AMYRDMATI	=	457.00163780
SQIETGTPF	=	464.00195390
FQFTLHWEL	=	504.99752500
AMLHWSLIL	=	806.00259960
KQFCLSILL	=	839.99579120
MMHASTSPF	=	1138.00535400
AIYKNTIAY	=	1433.99354800
SMHFYGWSL	=	1783.00089200
REMHHLVEF	=	2268.04650000
LPFSASIVF	=	9249.00784100
FLFLYWPHY	>	20000.00000000
FPRIGTAVF	=	24999.99311000
RPMSASRPA	=	24999.99311000
TFMGMNVQF	=	24999.99311000
APRGFRAAF	=	24999.99311000
KMIGNLLSF	=	24999.99311000
YPMSIPATL	=	24999.99311000
