SEWGWRIPF	=	1.00000000
RMYSPVSIL	=	1.00000000
AMYAPYGPF	=	1.00000000
KMFHGGLRY	=	3.00000000
IMYDHLPGF	=	4.00000000
KQMEDGHTL	=	5.00000000
AEWGWTATM	=	13.00000000
KMLEASTIY	=	14.00000000
NQFGTMPSL	=	26.99993079
REWGWRIPF	=	27.00000000
MLYPRVWPY	=	29.00000000
FKWGKKIIL	=	31.00015026
KLAEIFQPF	=	36.00000000
MSWGWRLPF	=	44.00000000
SQMPTSLNF	=	44.99978334
RQWFIDVPL	=	50.99975712
RMLPKLAEF	=	51.99993000
SQFGGGSQY	=	53.99987647
ARWLASTPL	=	85.00000000
YQAGISAAL	=	103.99988870
LQAMHGFPL	=	132.00022710
THYSGNIVH	=	146.00071480
AVREATAAF	=	178.00053870
AQAELDAAF	=	182.99982720
RQNAAIEAL	=	216.99986180
YTFCGTIEY	=	230.99900330
ASYAAAAAY	=	232.00000000
WMRWGGWPF	=	232.00091300
RRMATTFTF	=	295.00000000
RQIRMTSTI	=	336.99825650
KQRCALPSL	=	347.99972110
YQVKYVSPV	=	372.99987960
YAKFARITL	=	399.00090140
FQAGMRLYF	=	447.99828420
LRQWAPATM	=	452.99926140
RMVIGGVAL	=	462.99895990
KIFEYGFTF	=	472.00000000
RLYYDSMSY	=	742.00000000
GMMDGWYGF	=	998.99659370
MMQVWIQPL	=	1518.00491400
YPKFHRSAM	=	2820.99285100
YVYFYDLSY	=	3491.00000000
FMRFAFLSM	=	5610.02945700
MMMGMFNML	=	6640.03540900
MNYAAAAAY	=	7403.02371800
GTFEFTSFF	=	8085.04146300
REFYLRVGF	=	8586.99910200
NLFDWMHFL	=	24999.99311000
YIFFASFYY	=	24999.99311000
LQPSDTLLF	=	24999.99311000
YTIEGIAFM	=	24999.99311000
VTFFCVMTY	=	24999.99311000
YWMGGTTYF	=	24999.99311000
