WMYNIQPYL	=	2.00000000
WQTDTTIPL	=	2.99998662
YMYRVWSPL	=	3.00000000
ALYEASTTY	=	7.00000000
MMMSTAVAF	=	13.00000000
KQLGQVMLL	=	16.00000000
MMYASWGVH	=	31.00000000
AMRVGSSIM	=	34.99995182
TQWCSRSVY	=	55.99973921
RQLESRLGY	=	56.99982463
FQRAIMNAM	=	65.00014364
NQFGSVPAL	=	67.00020497
RKIKAITSF	=	67.00020497
YLREHIRAM	=	77.00001126
TMKEGWIVY	=	81.00030744
RMWEFLDRL	=	92.00000000
QQMFPGAPF	=	98.99967411
LMMNGTSAM	=	113.99968070
WMACHSAAF	=	116.00042450
VKINIFPLY	=	117.00000000
YRYCHQLAL	=	135.00020850
FQMDYSLEY	=	136.99992810
MMAKSNSPF	=	146.00071480
AKIEAPLLL	=	158.00013680
RQMKSGGRF	=	189.00052400
YMWLGARYL	=	196.00007900
KLYERNTAF	=	240.00000000
AMAAAGMMY	=	248.99891980
MTFPVSLEY	=	263.00000000
KQFKQDAKY	=	307.00000000
LQYNTFLQY	=	321.00055540
TQHFGWHAF	=	330.99951990
WMNHHAITY	=	345.99860270
RLYPFGSYY	=	393.00000000
KLYGLSQGY	=	434.00000000
YLLAGGCPY	=	495.00000000
YQKVGMQKY	=	588.99729750
VTFGARASF	=	904.99944810
LQLTAVFAY	=	915.00289450
RAFSLYMTL	=	1337.00000000
YIKGGNASF	=	1560.99394700
ATFEAVLAK	=	2233.99807400
RVYAELAAL	=	14369.97465000
YSYIFLSSY	>	20000.00000000
FPREGVFVF	=	24999.99311000
YERGNIIIF	=	24999.99311000
RIYRKGNPL	=	24999.99311000
WMDMWESPM	=	24999.99311000
YPIVIAPAM	=	24999.99311000
ATIWQLLAF	=	24999.99311000
MMQTYTGAL	=	24999.99311000
