KHPDATYSR	=	1.19047600
KVFPYALINK	=	2.52967200
LFYPSMFTLR	=	4.96607200
VFPCWWLQFR	=	8.51776600
KSINKVYGK	=	14.74431300
RLQLIMPAR	=	19.82024200
GYRWMCLRR	=	37.46537150
FLWEWASARF	=	40.58571100
KFGYGAKDVR	=	58.83670200
SYQYLIIQNR	=	103.17582400
AQIDNYNKF	=	154.59372500
LLDYQGMLPV	=	177.49612900
RAGFHPTAR	=	204.80469500
TSAICSVVRR	=	299.79329100
FSQFSRGNYR	=	358.15220400
RRRSQSPRRR	=	543.83400300
SPLSSIFSR	=	604.78677500
SPRRRTPSPR	=	687.19071500
YVFPVIFSK	=	886.29036400
SSGLSRYVAR	=	974.93731000
DFRNRYEDYR	=	1014.05591500
LLLYQTFGR	=	1453.67676400
RQQGRSWSIR	=	1869.68432800
RRFIIFLFIL	=	2654.29875000
PIPSSWAFGK	=	2661.92898100
AFYHLPLHPA	=	2709.41071200
RRAARAEYL	=	2712.32804000
RRRGRSPRRR	=	2805.39621900
EWASARFSWL	=	2876.30821200
KFNPMKTYI	=	5844.89574500
SILSPFLPL	=	7423.92338600
PNSARSQSER	=	7724.61841500
VNTNMGLKFR	=	10342.99999800
KTKDYVNGL	=	12873.45413000
HQTLQDPRVR	=	14850.42257100
HLPDRVHFA	=	16246.16554000
LLAQFTSAI	=	16589.60700050
YLPTQQDVL	=	23532.60395000
ILGFRKIPM	=	25309.90779150
NKDTWPDANK	=	27228.65660200
LYSSTVPVF	=	31125.02134000
FLGGTTVCL	=	33685.50347850
TPSRVTGGV	=	38157.93437750
IPQSLDSYWTSL	>	58139.53488000
AYISSEATTPV	>	63291.13924000
LVGSSGLSRY	=	64187.02074750
AICSVVRRA	=	66088.31187150
DFFPSVRDLL	>	70422.00000000
NFASKSASCL	>	70422.00000000
PSVRDLLDTA	>	70422.00000000
SPFLPLLPIF	>	70422.00000000
MALMKLAAL	>	70422.00000000
HDYCSRNLYV	>	70422.00000000
HTTNFASKSA	>	70422.00000000
KSVQHLESL	>	78125.00000000
SVRDLLDTA	>	78125.00000000
GTFSAPLPI	>	78125.00000000
GLYSSTVPV	>	78125.00000000
PVARQRPGL	>	78125.00000000
WFVGLSPTV	>	78125.00000000
WSPQAQGIL	>	78125.00000000
YEFLQPILL	>	78125.00000000
AFSYMDDVV	>	78125.00000000
DFFPSVRDL	>	78125.00000000
IFSRIGDPA	>	78125.00000000
AMQWNSTTF	>	78125.00000000
