RLPFRPTTGR	=	1.28923700
RRLQLIMPAR	=	2.33277900
KFLWEWASAR	=	2.45170100
KYLPLDKGIK	=	13.62247100
KYTSFPWLL	=	18.15285600
LLDTASALYR	=	108.77666100
RPIDWKVCQR	=	110.33633600
DFRDYQSYR	=	114.08292000
PGYRWMCLR	=	129.41762000
LQAGFFLLTR	=	136.78081100
FPCWWLQFR	=	187.98898300
KYLPLDKGI	=	295.72046400
RRRTPSPRRR	=	319.17568200
HLVNHYFQTR	=	413.76967400
PIDWKVCQR	=	467.91838159
SGLSRYVAR	=	552.29914500
QYLNLYPVAR	=	604.72605800
RRRTPSPRR	=	623.12878000
IRIPRTPSR	=	901.95358000
HLPDRVHFAS	=	978.64731000
LAACFARSR	=	1259.20335600
RRSQSPRRR	=	1551.52346600
NLLEDWGPCA	=	1792.91919200
RRTPSPRRR	=	1815.93133800
YLVSFGVWIR	=	2016.30279100
YLVSFGVWI	=	3303.96918400
PARFYPKVTK	=	3815.62454900
YVADALAAF	=	3909.84315100
SLQSKHRKSR	=	4077.75544900
PDWDFNPNK	=	4332.14898000
SVPSHLPDR	=	4796.60719700
LVNHYFQTR	=	5036.55705200
GYPALMPLYA	=	8635.59146300
AYIDNYNKF	=	11118.69088000
WMMWYWGPSL	=	11189.17011150
FPFKYAAAF	=	12501.95358000
PSDFFPSVR	=	16421.13447950
SEIDLILGY	=	18094.70215000
SWLSLDVSAA	=	26903.08195100
WLSLDVSAAF	=	27072.20973900
FYHLPLHPAA	=	49209.81608150
PASTNRQSGR	=	50762.07532150
PAYRPPNAPI	>	70422.00000000
PDANKVGAGA	>	70422.00000000
RDLLDTASAL	>	70422.00000000
GPLEEELPRL	>	70422.00000000
DPYKEFGATV	>	70422.00000000
VSYVNTNMGL	>	70422.00000000
YAAQGYKVL	>	70422.00000000
YPVARQRPGL	>	70422.00000000
DDPSRGRLGL	>	70422.00000000
SILSPFLPLL	>	70422.00000000
ATPYDINQML	>	70422.53521000
FLRGRAYGI	>	78125.00000000
ILSPFLPLL	>	78125.00000000
GTMPDLHDY	>	78125.00000000
RISGVDRYY	>	78125.00000000
MENITSGFL	>	78125.00000000
GVGLSPFLL	>	78125.00000000
NLYVSLLLL	>	78125.00000000
ASALYREAL	>	78125.00000000
YQAVVPLVY	>	78125.00000000
YRHDGGNVL	>	78125.00000000
AEFKYIAAV	>	78125.00000000
YHSNVKEL	>	87719.29825000
RGYVFQGL	>	87719.29825000
