RLGLSRPLLR	=	1.64643800
SCPPTCPGYR	=	8.42373700
AYPAVSTFEK	=	8.82076900
CFRKLPINR	=	15.90420300
RGNYRVSWPK	=	22.49085700
PGYRWMCLRR	=	34.28728800
CFAWYLKGR	=	35.75009200
SQFSRGNYR	=	51.47602200
FFCFAWYLK	=	57.14740400
SLGIHLNPNK	=	61.33249200
MPLSYQHFR	=	95.64176700
CSPHHTALR	=	105.22244900
IYKGVYQFK	=	110.44647933
QAGFFLLTR	=	365.43699500
LVVDFSQFSR	=	406.74559100
AGFHPTARR	=	559.63794900
YVFPVIFSR	=	784.20994800
YSHPIILGFR	=	858.59756600
HYLHTLWKA	=	918.88640400
RAGFHPTARR	=	919.90685500
SWLSLDVSA	=	933.41628400
FLPSDYFPSV	=	1181.54203700
KRWGYSLNFM	=	1487.47400600
TFRERYSYK	=	1514.71150467
IIQKIKECFR	=	1628.88298800
AQFSPQYL	=	1635.79604600
SYQHFRRLLL	=	1757.60225300
RRLQLIMPA	=	1854.13506500
LLAACFARSR	=	1992.15583100
KVTKYLPLDK	=	2140.32626200
KFLWEWASA	=	3425.73447300
PSRGRLGLSR	=	3779.21069400
PRRRRSQSPR	=	4755.02221100
ADEGLNRRV	=	6138.67180500
WILRGTSFVY	=	7009.58349900
RSQSPRRRR	=	7524.96526100
GLSPTVWLSV	=	8146.48285300
QLLWFHISCL	=	9490.28047700
NWILRGTSFV	=	10452.95955050
FGRETVIEY	=	10975.52602050
IRFPKTFGY	=	13180.45161000
SPRRRRSQSR	=	14364.43598000
WGYSLNFMGY	=	18439.60596850
ADDPSRGRL	=	18475.98905800
VARLSSNSR	=	20467.92375200
SFHQQSSGIL	=	23836.56473050
FLLAQFTSAI	=	39283.71006800
GLLGFAAPF	=	44753.59374800
LSPFLPLLPI	>	70422.00000000
LSYQHFRRLL	>	70422.00000000
ELPRLADEGL	>	70422.00000000
LVLQAGFFLL	>	70422.00000000
PLTVNEKRRL	>	70422.00000000
TPPAYRPPNA	>	70422.00000000
TFSPTYKAFL	>	70422.00000000
RGPYRAFVTI	>	70422.53521000
RETVIEYLV	=	73656.96000000
YVIKVSARV	>	78125.00000000
LADEGLNRR	>	78125.00000000
SDYLELDTI	>	78125.00000000
HLESLFTAV	>	78125.00000000
FVNYNFTLV	>	78125.00000000
GSVNVVYTF	>	78125.00000000
VDKNPHNTA	>	78125.00000000
EFGATVELL	>	78125.00000000
APRTLVYLL	>	78125.00000000
