RFVKFNDYR	=	1.12292800
KFYGPFVDR	=	3.34257504
WWLQFRNSK	=	4.84248000
WIRTPPAYR	=	9.81708458
MPLSYQHFRR	=	33.84328700
HLNPNKTKR	=	44.93316400
SRPLLRLPFR	=	45.23453000
LGLSRPLLR	=	88.33161200
RPLLRLPFR	=	111.47476000
FASPLHVAWR	=	145.44573000
DFYDFAVSK	=	158.23782400
PLSYQHFRR	=	189.37127700
YLNLYPVAR	=	293.89006500
KRWGYSLNF	=	332.74389300
FRYNGLIHR	=	487.76664400
KNPHNTAESR	=	580.15141200
LPSDFFPSVR	=	687.76949100
RRRGRSPRR	=	728.76433500
QAFTFSPTYK	=	875.01146500
KVGNFTGLY	=	1016.50138500
LNLYPVARQR	=	1031.02141900
TTVVRRRGR	=	1284.68231100
RRDYRRGL	=	1472.54179500
TSFVYVPSA	=	1634.77891000
RRSQSPRRRR	=	1746.32066600
PIFFCLWVY	=	1981.57816800
VVRRRGRSPR	=	4200.31308300
RTPSPRRRR	=	4574.86623100
VPFVQWFVGL	=	5581.36183100
FFLLTRILTI	=	7651.98967000
GHLARRQQGR	=	8944.90165300
KLHLYSHPI	=	9123.39014900
RILHNFAYSL	=	9978.04100700
HQLDPAFRA	=	10220.78226900
PTPLSPPLR	=	11257.88026150
SAPLPIHTA	=	13168.12354150
FPYSTFPII	=	15139.21693000
HWKTPSFPNI	=	16604.74447000
GLVMGHQRMR	=	27813.01789750
SYVNTNMGL	=	28409.54948800
HLPLHPAAM	=	30677.15595850
DHQAAFQYI	=	31392.57134000
ASTNRQSGR	=	38454.77170800
ERYFRINSL	=	39682.53968000
SIRAGFHPTA	=	61545.74549000
VGLSPFLLA	=	61960.19963850
FVGLALLTL	>	70422.00000000
ADSPSVPSHL	>	70422.00000000
ALPPRAYAM	>	70422.00000000
AQGYKVLVL	>	70422.00000000
YPKVTKYLPL	>	70422.00000000
AASCGGAVF	>	70422.00000000
YVQMALMKL	>	70422.00000000
HGTMPDLHDY	>	70422.00000000
ETFGFEIQSY	>	70422.53521000
KAGQYVTIW	>	78125.00000000
GFTPPHGGL	>	78125.00000000
SLDSWWTSL	>	78125.00000000
YTGDFDSVI	>	78125.00000000
PMGVGLSPF	>	78125.00000000
FLLTRILTI	>	78125.00000000
FLPLLPIFF	>	78125.00000000
LTVNEKRRL	>	78125.00000000
VGNVYVKF	=	81519.33000000
GDYKLVEI	>	87719.29825000
