VWIRTPPAYR	<	2.00000000
IMPARFYPK	=	2.27891500
HCSPHHTALR	=	2.79779100
MYPSCCCTK	=	8.96520400
FFAYVMNIER	=	9.39953100
HISCLTFGR	=	11.30799900
LWKAGILYKR	=	12.36039200
LWKAGILYK	=	12.76802100
HYFQTRHYL	=	13.05589900
IRAGFHPTAR	=	33.39132300
SCLHQSPVR	=	116.79581100
SWWTSLNFL	=	121.17372200
CPGYRWMCLR	=	206.43258900
HLARRQQGR	=	372.45863300
GFNYPEYNR	=	514.62959400
SAICSVVRR	=	678.69266100
LLVPFVQWFV	=	678.98371100
RRRSQSPRR	=	731.63708200
GTDNSVVLSR	=	797.62398800
RRGRSPRRR	=	857.36549000
ASPLSSIFSR	=	1183.07075900
FLWEWASAR	=	1256.50733900
WGLVMGHQR	=	1262.38751400
IPSSWAFGK	=	1591.94033500
HIRIPRTPSR	=	2418.53058202
LPINRPIDWK	=	2690.66080100
RRTPSPRRRR	=	2904.67696200
LLLLYQTFGR	=	3395.59533100
TAVTNFLLSL	=	3415.08598500
MCLRRFIIF	=	4403.56936500
TVPVFNPHWK	=	4857.08918800
KCDELAAKL	=	7667.79180200
CLIFLLVLL	=	7917.50002700
APFTQCGYPA	=	8045.07572400
WYWGPSLYSI	=	8852.67789700
VFPCWWLQF	=	10811.57530950
DSWWTSLNFL	=	13020.87748750
SSWAFGKFL	=	15251.71657750
FTQCGYPAL	=	16351.09858200
KVCQRIVGLL	=	19427.31140150
TGGVFLVDK	=	19752.95497950
SFPWLLGCAA	=	21527.92587100
PINRPIDWK	=	22082.61798050
LLSSNLSWL	=	34845.10929100
STLPETTVVR	=	35113.88343050
ERYFRIHSL	=	35385.42947000
ISDSNPYLTQW	>	63291.13924000
FPDHQLDPAF	>	70422.00000000
APLPIHTAEL	>	70422.00000000
LLLAILGPL	>	70422.00000000
GELMTLATWV	>	70422.00000000
ASARFSWLSL	>	70422.00000000
TILGIGTVL	>	70422.00000000
SGPSNTYPEI	>	70422.53521000
LEEELPRLA	>	78125.00000000
HPAAMPHLL	>	78125.00000000
GFFLLTRIL	>	78125.00000000
SEAAYAKKI	>	78125.00000000
FFPSVRDLL	>	78125.00000000
DPAFRANTA	>	78125.00000000
GLSRPLLRL	>	78125.00000000
AYIDNYNKV	>	78125.00000000
YTAVVPLVY	>	78125.00000000
PRRRRSQSR	>	78125.00000000
