MPFAWQFGF	=	3.60000000
YVFAIPLPF	=	5.95000000
FYFNWNTPI	=	7.60000000
MTFPVSLEY	=	18.00000000
SLYSGFPSL	=	30.75000000
SMFERDFHF	=	31.80000000
MTMLTRWKI	=	47.90000000
KLMDVVYSI	=	55.80000000
YTIYGAWMF	=	79.80000000
MAAAAFPAL	=	180.55000000
YIISTHYQF	=	212.80000000
MMMSTAVAF	=	247.90000000
MTYSHHACR	=	823.85000000
YSLAGSSPF	=	1211.70000000
MTMSYLSTR	=	2325.55000000
