MPFAWQFGF	=	3.60000000
MSWGWRLPF	=	5.00000000
YVFAIPLPF	=	5.95000000
FYFNWNTPI	=	7.60000000
YSRPWNWTF	=	9.75000000
MTFPVSLEY	=	18.00000000
ETTNWLWTF	=	18.75000000
MAMGILHTI	=	20.60000000
SAYYLDIGF	=	21.55000000
STMPLVMAW	=	22.85000000
YSFSRAYTL	=	23.85000000
TTIGEWAFW	=	26.95000000
EVFFGLSRY	=	26.95000000
FMYALSRAF	=	27.85000000
YTYGAGSYF	=	28.00000000
MMHASTSPF	=	29.55000000
SLYSGFPSL	=	30.75000000
SMFERDFHF	=	31.80000000
SILPISWAY	=	40.00000000
MMAKSNSPF	=	42.90000000
MTMLTRWKI	=	47.90000000
SVFEGIRAY	=	50.75000000
KLMDVVYSI	=	55.80000000
YSLMSRYQF	=	58.60000000
MPAYIRNTL	=	63.80000000
IIMRRFFYF	=	67.85000000
YTIYGAWMF	=	79.80000000
YTFTSLFSL	=	82.60000000
YARNFLIPF	=	82.80000000
YTFFFTQYF	=	91.55000000
YAMAIRQAI	=	92.00000000
FTMRLLSPV	=	115.75000000
YTITSLFSL	=	120.55000000
MPYAAHDPI	=	135.80000000
MLYPLLWMF	=	154.85000000
MAAAAFPAL	=	180.55000000
MTMLIKAFK	=	194.00000000
FMFDYIPPV	=	202.85000000
YIISTHYQF	=	212.80000000
ASMDNTSPM	=	223.55000000
YTKKYLLSF	=	234.95000000
MMMSTAVAF	=	247.90000000
MVRQMRAAL	=	355.80000000
TTYVYTLPV	=	369.85000000
MMWATAQAL	=	391.70000000
YMYRVWSPL	=	419.65000000
EVMPVSMAK	=	485.85000000
GMMRWCMPV	=	813.65000000
MTYSHHACR	=	823.85000000
FMYEGDTPL	=	878.85000000
GTFEFTSFF	=	893.65000000
YMYDFILRF	=	908.70000000
YSLAGSSPF	=	1211.70000000
RMMETWHPL	=	1248.85000000
IPVHPRHPY	=	1434.60000000
YVLSFQVTF	=	1456.95000000
KAMRPWQSF	=	1727.85000000
MTMSYLSTR	=	2325.55000000
HEWKIPLLI	=	2610.95000000
