MPFAWQFGF	=	3.60000000
YVFAIPLPF	=	5.95000000
FYFNWNTPI	=	7.60000000
YVYFYDLSY	=	13.80000000
MTFPVSLEY	=	18.00000000
ETTNWLWTF	=	18.75000000
MTMITPPTF	=	19.60000000
MAMGILHTI	=	20.60000000
SAYYLDIGF	=	21.55000000
STMPLVMAW	=	22.85000000
FLNPVIYTF	=	24.00000000
ETTNWLWAF	=	25.55000000
TTIGEWAFW	=	26.95000000
EVFFGLSRY	=	26.95000000
FMYALSRAF	=	27.85000000
MMHASTSPF	=	29.55000000
SLYSGFPSL	=	30.75000000
SMFERDFHF	=	31.80000000
YTPEQWWPF	=	38.60000000
MMAKSNSPF	=	42.90000000
HASHYTIPW	=	44.90000000
MTMLTRWKI	=	47.90000000
MVIKWIHER	=	52.75000000
KLMDVVYSI	=	55.80000000
WTFTPTTPL	=	57.75000000
MPAYIRNTL	=	63.80000000
IIMRRFFYF	=	67.85000000
YTIYGAWMF	=	79.80000000
YARNFLIPF	=	82.80000000
FVFAPTHGL	=	83.85000000
YAMAIRQAI	=	92.00000000
FTMRLLSPV	=	115.75000000
MPYHGYHII	=	133.75000000
MPYAAHDPI	=	135.80000000
LMMSSPPPI	=	137.65000000
MLYPLLWMF	=	154.85000000
MAAAAFPAL	=	180.55000000
MTMLIKAFK	=	194.00000000
FMFDYIPPV	=	202.85000000
YIISTHYQF	=	212.80000000
YTKKYLLSF	=	234.95000000
MMMSTAVAF	=	247.90000000
MPMKGRFPI	=	295.55000000
MVRQMRAAL	=	355.80000000
TTYVYTLPV	=	369.85000000
MMWATAQAL	=	391.70000000
YMYRVWSPL	=	419.65000000
LPAEVRAAF	=	756.90000000
SYMSTFPLF	=	784.55000000
GMMRWCMPV	=	813.65000000
MTYSHHACR	=	823.85000000
FMYEGDTPL	=	878.85000000
YMYDFILRF	=	908.70000000
YSLAGSSPF	=	1211.70000000
RMMETWHPL	=	1248.85000000
IPVHPRHPY	=	1434.60000000
MTMSYLSTR	=	2325.55000000
HEWKIPLLI	=	2610.95000000
GVPKTHLEL	=	20000.00000000
