MSWGWRLPF	=	5.00000000
YSRPWNWTF	=	9.75000000
YSFSRAYTL	=	23.85000000
YTYGAGSYF	=	28.00000000
SILPISWAY	=	40.00000000
SVFEGIRAY	=	50.75000000
YSLMSRYQF	=	58.60000000
YTFTSLFSL	=	82.60000000
YTFFFTQYF	=	91.55000000
YTITSLFSL	=	120.55000000
ASMDNTSPM	=	223.55000000
EVMPVSMAK	=	485.85000000
GTFEFTSFF	=	893.65000000
YVLSFQVTF	=	1456.95000000
KAMRPWQSF	=	1727.85000000
