STMPLVMAW	=	22.85000000
EVFFGLSRY	=	26.95000000
MMAKSNSPF	=	42.90000000
IIMRRFFYF	=	67.85000000
YARNFLIPF	=	82.80000000
FTMRLLSPV	=	115.75000000
MPYAAHDPI	=	135.80000000
MTMLIKAFK	=	194.00000000
YTKKYLLSF	=	234.95000000
MVRQMRAAL	=	355.80000000
MMWATAQAL	=	391.70000000
FMYEGDTPL	=	878.85000000
IPVHPRHPY	=	1434.60000000
HEWKIPLLI	=	2610.95000000
