ETTNWLWTF	=	18.75000000
MAMGILHTI	=	20.60000000
SAYYLDIGF	=	21.55000000
TTIGEWAFW	=	26.95000000
FMYALSRAF	=	27.85000000
MMHASTSPF	=	29.55000000
MPAYIRNTL	=	63.80000000
YAMAIRQAI	=	92.00000000
MLYPLLWMF	=	154.85000000
FMFDYIPPV	=	202.85000000
TTYVYTLPV	=	369.85000000
YMYRVWSPL	=	419.65000000
GMMRWCMPV	=	813.65000000
YMYDFILRF	=	908.70000000
RMMETWHPL	=	1248.85000000
