YVYFYDLSY	=	13.80000000
MTMITPPTF	=	19.60000000
FLNPVIYTF	=	24.00000000
ETTNWLWAF	=	25.55000000
YTPEQWWPF	=	38.60000000
HASHYTIPW	=	44.90000000
MVIKWIHER	=	52.75000000
WTFTPTTPL	=	57.75000000
FVFAPTHGL	=	83.85000000
MPYHGYHII	=	133.75000000
LMMSSPPPI	=	137.65000000
MPMKGRFPI	=	295.55000000
LPAEVRAAF	=	756.90000000
SYMSTFPLF	=	784.55000000
GVPKTHLEL	=	20000.00000000
