NFWLNTLLF	=	51.00000000
YMWECPDFF	=	137.00000000
RLPAYAPLL	=	294.48259710
KDVALRHVV	<	500.00000000
LMMNGTSAM	=	2086.00000000
LYPTFYCLF	=	3352.00000000
FMYALSRAF	=	5000.00000000
FLNPVIYTF	=	5000.00000000
LEACYKRSV	=	5000.00000000
FPIQDFPII	=	5000.00000000
GSYFSGFYK	=	5000.00000000
FPRYPLNVL	=	5000.00000000
GMMRWCMPV	=	5000.00000000
ILFDRLPIA	=	5000.00000000
GLIPQWVTL	=	5000.00000000
VLAGWLFHV	=	5000.00000000
WMRWGGWPF	=	5000.00000000
TYLQSLASL	=	5000.00000000
KEMGFSPRL	=	5000.00000000
KQLELFWVI	=	5000.00000000
KITDFGIAK	=	5000.00000000
KLMDVVYSI	=	5000.00000000
TTFDLTLRR	=	5000.00000000
TVIDVNTGK	=	5000.00000000
ITLFPSYQL	=	5000.00000000
EVMPVSMAK	=	5000.00000000
MPYAAHDPI	=	5000.00000000
ATYGWNLVK	=	5000.00000000
ARWMISSAL	=	5000.00000000
MAWERGPAL	>	5000.00000000
MEFEPFQSL	=	5000.00000000
AELGAFFSI	=	5000.00000000
AEMGANLCV	=	5000.00000000
AENQLFHST	=	5000.00000000
IPRLGGMAF	=	5000.00000000
FVVDTTPPL	=	5000.00000000
FVFAPTHGL	=	5000.00000000
FTMRLLSPV	=	5000.00000000
FSFGGFTFK	=	5000.00000000
APRGFRAAF	=	5000.00000000
MPMSMPIPM	=	5000.00000000
GPAFVRTKL	=	5000.00000000
MVLSGTLAY	=	5000.00000000
MTMLTRWKI	=	5000.00000000
RAMRMVYYL	=	5000.00000000
RMYWGVNPK	=	5000.00000000
SAYYLDIGF	=	5000.00000000
MTYSHHACR	=	5000.00000000
MRYFIGQPL	=	5000.00000000
RQYERYTAL	=	5000.00000000
RRFNRTKPM	=	5000.00000000
RRLHRLLLM	=	5000.00000000
RRRLRTLVL	=	5000.00000000
RRRWCGLGL	=	5000.00000000
RRYRRIYDL	=	5000.00000000
RTFGCSWEF	=	5000.00000000
RTRAGRHAF	=	5000.00000000
RVYAHVRSV	=	5000.00000000
YRATYSMAL	=	5000.00000000
YSLAGSSPF	=	5000.00000000
YTFEPHYFY	=	5000.00000000
TEMYIMYAM	=	5000.00000000
SILPISWAY	=	5000.00000000
SLYSGFPSL	=	5000.00000000
SPAAYVLPL	=	5000.00000000
SQAAFGLPI	=	5000.00000000
RLYPFGSYY	=	5000.00000000
YMRERLSDF	=	5000.00000000
YPRNGWPAL	=	5000.00000000
RLKFSLSYK	=	5000.00000000
MTHPQSEAA	=	5000.00000000
YLREHIRAM	=	5000.00000000
YARNFLIPF	=	5000.00000000
YTDKIAMSY	=	12500.00000000
YTMELCGAM	=	12500.00000000
HADDIPVPV	=	20000.00000000
SSKMFNYFK	>	20000.00000000
SYLRRTQSM	=	20000.00000000
HYNAFHWAI	=	20000.00000000
SYCNGVREL	=	20000.00000000
SYGCPTNPF	=	20000.00000000
FYADPKRYF	=	20000.00000000
FVDVGVSAL	=	20000.00000000
TFVPIAWAAAY	>	20000.00000000
ISPRNYFTF	=	20000.00000000
IQNDLITEF	=	20000.00000000
RTWFYRTEF	=	20000.00000000
VYYIVVRDF	=	20000.00000000
KIFKVTGEF	=	20000.00000000
YFYYNAFHW	=	20000.00000000
YIDISDVKV	=	20000.00000000
LEYFQFVKKLL	>	20000.00000000
RPPYSSYGY	>	20000.00000000
RMILPMSRAFR	>	20000.00000000
YPDPVIKV	>	20000.00000000
YSLEYFQF	>	20000.00000000
SLLERGQQLGV	>	20000.00000000
LQPSDTLLF	=	20000.00000000
AYQPTRWFI	=	20000.00000000
LYSRSFWFF	=	20000.00000000
YVDIYAASV	=	20000.00000000
YTLNDAPYI	=	20000.00000000
YTTDVNQLY	=	20000.00000000
MVRVLTVIKEY	>	20000.00000000
KYLPNGDYI	=	20000.00000000
YVLNGYTEF	=	20000.00000000
MMHASTSPF	=	20000.00000000
YWDQVTFFY	=	20000.00000000
YYNAFHWAI	=	20000.00000000
YYSNKVFPI	=	20000.00000000
