LYDAVAALF	=	3.00000000
YWMGGTTYF	=	19.00000000
YFNTHDVYF	=	19.00000000
FRDEAGAIL	=	192.00000000
FVDTMSIYI	=	472.00000000
FTDNNELEF	=	631.00000000
TEAEKWPFF	=	1500.00000000
VYTNAIQYV	=	2094.00000000
LEDGIYGIF	=	5000.00000000
LEMNDAPTA	=	5000.00000000
LEMQHLISL	=	5000.00000000
KVFPYALINK	>	5000.00000000
FPYEGGKVF	=	5000.00000000
HEVNGTWMI	=	5000.00000000
HASHYTIPW	=	5000.00000000
FPRIGTAVF	=	5000.00000000
VLYHRYNLV	=	5000.00000000
VMAPRTLVL	=	5000.00000000
VPADHRLAF	=	5000.00000000
VPRPRFSAL	=	5000.00000000
WMYYPRSPV	=	5000.00000000
VEMQLAVVI	=	5000.00000000
KGPPAALTL	=	5000.00000000
MQYEVTQHA	=	5000.00000000
FQWWRSHPL	=	5000.00000000
HPASRLFPF	=	5000.00000000
AQRAAGPSV	=	5000.00000000
MPAIFFSIV	=	5000.00000000
LTIPTIMGR	=	5000.00000000
ASMDNTSPM	=	5000.00000000
MALATGLWW	=	5000.00000000
MAWLFFWAI	=	5000.00000000
CTSSIQYHR	=	5000.00000000
LLPRRGPRL	=	5000.00000000
SRWAISHWL	=	5000.00000000
FTFDLTALK	=	5000.00000000
MPFIATPPV	=	5000.00000000
ALFDRPAFK	=	5000.00000000
RARRHLAAL	=	5000.00000000
RAYRNALSM	=	5000.00000000
REMINHYQV	=	5000.00000000
MVIFFMSPK	=	5000.00000000
MVFGRFSFA	=	5000.00000000
MSWGWRLPF	=	5000.00000000
RPAPARLPL	=	5000.00000000
RPAPGGKAY	=	5000.00000000
RPMTYKAAL	=	5000.00000000
RPRCAYLPF	=	5000.00000000
RPRVAQLTF	=	5000.00000000
RRYASQTEL	=	5000.00000000
RRYTRRISL	=	5000.00000000
RVMAIFMAL	=	5000.00000000
YSRMLYIEF	=	5000.00000000
YTIDLNDAF	=	5000.00000000
YTIEGIAFM	=	5000.00000000
YTKKYLLSF	=	5000.00000000
SEFWLNYTA	=	5000.00000000
WTFTPTTPL	=	5000.00000000
WPTPKTHPV	=	5000.00000000
SMFERDFHF	=	5000.00000000
STMPLVMAW	=	5000.00000000
STMRRMALR	=	5000.00000000
SVQWFRLPR	=	5000.00000000
YTLNNGVAM	=	5000.00000000
YVLSFQVTF	=	5000.00000000
YMYRVWSPL	=	5000.00000000
YPMSIPATL	=	5000.00000000
YPPPRYITV	=	5000.00000000
SMNYPNSYK	=	5000.00000000
AEFGPWQTV	=	5000.00000000
YVFAIPLPF	=	5000.00000000
YMKKRYEEF	=	5000.00000000
YMRERFEPM	=	5000.00000000
YPWAIFHPH	=	5000.00000000
YARRYFYPL	=	5000.00000000
YIISTHYQF	=	5000.00000000
YLRKHIRAL	=	5000.00000000
YTFFFTQYF	=	12500.00000000
ILNRETLLDFV	>	20000.00000000
RYSHWTKL	>	20000.00000000
SYIRYFTVF	=	20000.00000000
FYPINDDFY	=	20000.00000000
SYLTVHQMI	=	20000.00000000
SYMMDDLELI	>	20000.00000000
RYNCKCCWF	=	20000.00000000
FVHDSVQYF	=	20000.00000000
TTDDSTSYY	=	20000.00000000
RYMSKTYNF	=	20000.00000000
FRYEFTAPF	=	20000.00000000
ITPTIYLLL	=	20000.00000000
VSITNPFLF	=	20000.00000000
VTFGARASF	=	20000.00000000
VMPPRTLLL	=	20000.00000000
IYASRPLDF	=	20000.00000000
IYDHSRKPF	=	20000.00000000
IYYWTAWLI	=	20000.00000000
KAIGTVLV	=	20000.00000000
KVYWAGIEF	=	20000.00000000
KYAEAFQMV	=	20000.00000000
FADSDNIAM	=	20000.00000000
YSLEYFQFV	=	20000.00000000
LRNIYETEF	=	20000.00000000
LSDAARLFL	=	20000.00000000
YQYIFLSFF	=	20000.00000000
RFEAYGWQV	=	20000.00000000
NTDDFPLTL	=	20000.00000000
MTDKICWLY	=	20000.00000000
YYFQSGNEI	=	20000.00000000
YYGKTPMQI	=	20000.00000000
YVILVGAAF	=	20000.00000000
MSDWGHITV	=	20000.00000000
