YFDPANGKF	=	2.62082869
TFDVAPSRL	=	18.00000000
SYMSTFPLF	=	88.65000000
YWPTEGYEF	=	222.00000000
PYKRIEELL	<	500.00000000
MMFDAMGAL	=	1044.00000000
FLLENAAYL	=	3158.00000000
KVRGRLLAL	=	5000.00000000
FMFDYIPPV	=	5000.00000000
FPYAIRLVA	=	5000.00000000
LEEDIQHFL	=	5000.00000000
HELSLFWPL	=	5000.00000000
HRYLIRQSM	=	5000.00000000
GTFEFTSFF	=	5000.00000000
GFYLSGHLF	=	5000.00000000
TTIPTNLFR	=	5000.00000000
VEYHYTFYI	=	5000.00000000
VMAPRTLIL	=	5000.00000000
WEMRAGREI	=	5000.00000000
WPILGFFPM	=	5000.00000000
TTAEFTVPK	=	5000.00000000
FPPTSFGPL	=	5000.00000000
FPMIIGSEL	=	5000.00000000
KPIPHRTVL	=	5000.00000000
MQFPGSVGF	=	5000.00000000
WQLTSIWPI	=	5000.00000000
LPAEVRAAF	=	5000.00000000
ETVWPFFYA	=	5000.00000000
ETTNWLWTF	=	5000.00000000
ETTNWLWAF	=	5000.00000000
ARWLASTPL	=	5000.00000000
AEFPVGSTA	=	5000.00000000
AEFVFSCGI	=	5000.00000000
AEHDPWWAV	=	5000.00000000
LMMSSPPPI	=	5000.00000000
FARQNNGAF	=	5000.00000000
MEFWLVAAL	=	5000.00000000
CSDAFYPFY	=	5000.00000000
FETMVFPAV	=	5000.00000000
FTFKVNSVK	=	5000.00000000
IPVHPRHPY	=	5000.00000000
FVYSVSFHK	=	5000.00000000
FTASVSTVV	=	5000.00000000
FRMLAWHVL	=	5000.00000000
AQIGIFAPV	=	5000.00000000
MERFSWHVA	=	5000.00000000
LFFPFGLFK	=	5000.00000000
MMWATAQAL	=	5000.00000000
MGAGLVFPI	=	5000.00000000
APRARTAAF	=	5000.00000000
SEMGANFRA	=	5000.00000000
NTDNKFISY	=	5000.00000000
REAPYELNI	=	5000.00000000
REWFMDLNL	=	5000.00000000
RPRQRGIPF	=	5000.00000000
RIYKRSLKL	=	5000.00000000
RPRRASSPF	=	5000.00000000
RRRRRRAAL	=	5000.00000000
RRHWGGNVL	=	5000.00000000
RQLLWRYQI	=	5000.00000000
RQMRASAPL	=	5000.00000000
RQWGMGFLL	=	5000.00000000
RRRFVQNAL	=	5000.00000000
RVMPVFAFK	=	5000.00000000
YRYCHQLAL	=	5000.00000000
YSLMSRYQF	=	5000.00000000
SVFEGIRAY	=	5000.00000000
STFDLYVYR	=	5000.00000000
YMREVGAAL	=	5000.00000000
YPFHIFYPV	=	5000.00000000
SERFINYAI	=	5000.00000000
YMKERFTVL	=	5000.00000000
YPYQLMLSL	=	5000.00000000
YAREAGIAM	=	5000.00000000
FRDRGQHVL	=	12500.00000000
YSRPWNWTF	=	12500.00000000
YTPEQWWPF	=	12500.00000000
SSDDFALIV	=	20000.00000000
SYFPDSNNV	=	20000.00000000
FTSSFYNYV	=	20000.00000000
RYPIDPFLL	=	20000.00000000
FYYNAFHW	=	20000.00000000
SYSTPALTL	=	20000.00000000
RYEFTAPFI	=	20000.00000000
RYDKSAADL	=	20000.00000000
VALFSSCPVAY	>	20000.00000000
ISDSAQNMM	=	20000.00000000
FRAPNTREL	=	20000.00000000
IVDCLTEMYY	>	20000.00000000
VTDEGTSSF	=	20000.00000000
FQPQNGQYI	=	20000.00000000
FPPLAGSDF	=	20000.00000000
VYWENEVSI	=	20000.00000000
RQSSGSSSSGF	>	20000.00000000
NTDEIPELI	=	20000.00000000
RMMGVKYLM	=	20000.00000000
ELFARSSDPR	>	20000.00000000
DTDPLPVVF	=	20000.00000000
LTDNGYLLY	=	20000.00000000
RFVLALLAF	=	20000.00000000
CSDETTLYY	=	20000.00000000
YRWVNLASF	=	20000.00000000
AYPKWKFFL	=	20000.00000000
AYPELACAV	=	20000.00000000
FFIQTDAAI	=	20000.00000000
YSLEYFQFVKK	>	20000.00000000
MYPFIFFIV	=	20000.00000000
NTDSSLQSM	=	20000.00000000
AYFLEAQEM	=	20000.00000000
YWLNTPFLV	=	20000.00000000
YYLIKYLHV	=	20000.00000000
