YYPEDPVKL	=	9.00000000
WYDALCVLL	=	35.00000000
IFDDLQGSL	=	72.00000000
RYWYFAAEL	=	121.00000000
FMPESSYLL	=	225.00000000
MMMSTAVAF	=	3234.90000000
LEARVNLSV	=	5000.00000000
KELGVHMSL	=	5000.00000000
ILMARYMSK	=	5000.00000000
FLDKGTYTL	=	5000.00000000
VSFIEFVGW	>	5000.00000000
WPLVNFHIL	=	5000.00000000
TPGRYRTAV	=	5000.00000000
TVMDIISRK	=	5000.00000000
FPMAVKLFI	=	5000.00000000
TTYVYTLPV	=	5000.00000000
MQIRGFVYF	=	5000.00000000
LPANLTLMM	=	5000.00000000
LPSSSSYSY	=	5000.00000000
MPYHGYHII	=	5000.00000000
FAYKTGSSM	=	5000.00000000
MAAAAFPAL	=	5000.00000000
EIYFSSIHR	=	5000.00000000
LIDGRTSFY	=	5000.00000000
FVRQCFNPM	=	5000.00000000
FSFFMNENF	=	5000.00000000
MPVGGQSSF	=	5000.00000000
MPFAWQFGF	=	5000.00000000
MMYTVSLGK	=	5000.00000000
MMAKSNSPF	=	5000.00000000
APAMGMNAY	=	5000.00000000
AEYLYADGI	=	5000.00000000
MWHVTRGAF	=	5000.00000000
MTMLIKAFK	=	5000.00000000
RARRLRRAL	=	5000.00000000
RENHTEGLL	=	5000.00000000
MTMITPPTF	=	5000.00000000
RPREATIIY	=	5000.00000000
RPRLHSISF	=	5000.00000000
RPRPRTPEW	=	5000.00000000
MVFQHFHLF	=	5000.00000000
RMMETWHPL	=	5000.00000000
RRRKGWIPL	=	5000.00000000
RQHPGLFPF	=	5000.00000000
RQIRMTSTI	=	5000.00000000
RQRAVRMVL	=	5000.00000000
RRRPVTRPL	>	5000.00000000
SARRRHLVF	=	5000.00000000
RYRQVLSPL	=	5000.00000000
RTLNLFRYK	=	5000.00000000
RVMAPRALL	=	5000.00000000
RWFVRNPFF	=	5000.00000000
RLYQYSFAK	=	5000.00000000
RMFKRVFNM	=	5000.00000000
RLYELIGSV	=	5000.00000000
YQVKYVSPV	=	5000.00000000
YTIGIGAFY	=	5000.00000000
YTITSLFSL	=	5000.00000000
YTIYGAWMF	=	5000.00000000
MQYLNPPPY	=	5000.00000000
SRWRIRSGL	=	5000.00000000
TFMDHVLRY	=	5000.00000000
SVDSDHLGY	=	5000.00000000
SVMAIFYLR	=	5000.00000000
YTYDLAEYR	=	5000.00000000
YPKFHRSAM	=	5000.00000000
SEMGANFKA	=	5000.00000000
RIRAANLPI	=	5000.00000000
RIYRKGNPL	=	5000.00000000
YVYFYDLSY	=	5000.00000000
YYRYPTGESY	=	5000.00000000
YQLEMYHPI	=	5000.00000000
YLRNAGAAM	=	5000.00000000
YELDLWGKI	=	5000.00000000
MTDVDLNYY	=	12500.00000000
QEMPYPFVI	=	19999.92337000
SSDLRSWTF	=	20000.00000000
STEFIPNLF	=	20000.00000000
FYYNAFHWAI	=	20000.00000000
HTLESPVEF	=	20000.00000000
GSSDFQVHFLK	>	20000.00000000
RYSGFVRTL	=	20000.00000000
TFMGMNVQF	=	20000.00000000
TYFEEPAAF	=	20000.00000000
FQILHDRFF	>	20000.00000000
TYLSSSLFL	=	20000.00000000
FTDISMSLY	=	20000.00000000
VPIAWAAA	>	20000.00000000
KLDAWLLPF	=	20000.00000000
YAIYTLGEM	=	20000.00000000
SLMASSPTSI	>	20000.00000000
LPADPASVL	>	20000.00000000
YFIFVRAIL	=	20000.00000000
FLLPILSQIYT	>	20000.00000000
LFPELDCFF	=	20000.00000000
LFPELECFF	=	20000.00000000
LLDEPTNHL	=	20000.00000000
YMMDDLEL	>	20000.00000000
FMFDSDEAM	=	20000.00000000
DYDDVVHEV	=	20000.00000000
YQSMIRPPY	>	20000.00000000
AVEDFLAFF	=	20000.00000000
YYTEDQGQF	=	20000.00000000
MAMGILHTI	=	20000.00000000
QTDNQLAVF	=	20000.00000000
NRDVSFQDL	=	20000.00000000
MYTRNLLWL	=	20000.00000000
MIKYCLLKILK	>	20000.00000000
MPWLTTGPM	=	20000.00000000
YYIIETEHL	=	20000.00000000
KYFIPVIEI	=	20000.00000000
