YFDDVTAFL	=	2.00000000
WYDWQQVPF	=	7.00000000
QYDPVAALF	=	14.00000000
FYPEKSTVI	=	471.00000000
QYDDAVYKL	<	500.00000000
KYFDDVTAF	=	1924.00000000
YMYDFILRF	=	4085.80000000
KRWAFRTGV	=	5000.00000000
KRMMVRHCL	=	5000.00000000
FPYTGDPPY	=	5000.00000000
FMYEGDTPL	=	5000.00000000
FLRKNQRAL	=	5000.00000000
HPVTATISF	=	5000.00000000
HYMLKHLVW	=	5000.00000000
IIMRRFFYF	=	5000.00000000
FRFFGGVPR	=	5000.00000000
FQMGGIGPM	=	5000.00000000
FPASHMATY	=	5000.00000000
KAMRPWQSF	=	5000.00000000
VGYYTFHPK	=	5000.00000000
TSASFTDLY	=	5000.00000000
REMHHLVEF	=	5000.00000000
TTIGEWAFW	=	5000.00000000
TVYPKTHYV	=	5000.00000000
LMYPTTLLK	=	5000.00000000
EVFFGLSRY	=	5000.00000000
MEFNSLLAI	=	5000.00000000
HEWKIPLLI	=	5000.00000000
DEVEFLGHY	=	5000.00000000
FEYGGFPPA	=	5000.00000000
FIIDNFGSV	=	5000.00000000
FVAATGRPL	=	5000.00000000
MEKTHNLMA	=	5000.00000000
MPMKGRFPI	=	5000.00000000
MPAYIRNTL	=	5000.00000000
IPLGGNGAM	=	5000.00000000
MLYPLLWMF	=	5000.00000000
MLVGHMPFM	=	5000.00000000
ALRQARAAF	=	5000.00000000
SEWGWRIPF	=	5000.00000000
MVRQMRAAL	=	5000.00000000
RARKRGITM	=	5000.00000000
MVIKWIHER	=	5000.00000000
RPAGARAAF	=	5000.00000000
RPMLARLTV	=	5000.00000000
MTMSYLSTR	=	5000.00000000
RIFPATHYV	=	5000.00000000
REWGWRIPF	=	5000.00000000
MTYLDGHPV	=	5000.00000000
RPVFARLPF	=	5000.00000000
RQNAPFEPI	=	5000.00000000
RRFKYLLNV	=	5000.00000000
RRAALSGHL	=	5000.00000000
RRWIAPHPL	=	5000.00000000
RVRSMANVY	=	5000.00000000
RVRWRNYAL	=	5000.00000000
RWRWFRAAM	=	5000.00000000
RYRTAVCGL	=	5000.00000000
YAMAIRQAI	=	5000.00000000
YSFSRAYTL	=	5000.00000000
YTFTSLFSL	=	5000.00000000
YTGAMTSKF	=	5000.00000000
SLYPPCLFK	=	5000.00000000
SVIDHIHYM	=	5000.00000000
SYRNFSFSL	=	5000.00000000
MTFPVSLEY	=	5000.00000000
YYKKTFSAL	=	5000.00000000
YQRALHTSI	=	5000.00000000
YAYEPGSVM	=	5000.00000000
YEHYFVFAA	=	5000.00000000
YESSHWLVV	=	5000.00000000
YYWPRPRRY	=	12500.00000000
YTYGAGSYF	=	12500.00000000
SHDVLTVQF	=	20000.00000000
SHDLAPQFL	=	20000.00000000
HTEFQTVSF	=	20000.00000000
RYSNFAWYF	=	20000.00000000
FYRNISDPL	=	20000.00000000
FYPPVLQPI	=	20000.00000000
TRDPNLAYI	=	20000.00000000
FVDVIIIKV	=	20000.00000000
IRFKDDSSF	=	20000.00000000
ISDPLTSGL	=	20000.00000000
VYAPAGVEL	=	20000.00000000
RYAYTSVEF	=	20000.00000000
RSDEYVAYY	=	20000.00000000
IYPEWYFLW	=	20000.00000000
IYAAISYMI	=	20000.00000000
KSLTTTMQFK	>	20000.00000000
FPHTELANL	>	20000.00000000
KVADVDLAVPV	>	20000.00000000
YAYNSSLLY	=	20000.00000000
WYYDFHFFV	=	20000.00000000
YFYYNAFHWAI	>	20000.00000000
YLAENTFVV	=	20000.00000000
LPSCPTNFCIF	>	20000.00000000
YLQQNTHTL	=	20000.00000000
FADINGKLY	=	20000.00000000
RFFKHFMSL	=	20000.00000000
CTDDNALAY	=	20000.00000000
LVTMGTGTFGR	>	20000.00000000
AVDADDSHF	=	20000.00000000
MAAVRTTAL	=	20000.00000000
YVDIIGLSV	=	20000.00000000
MYMALIAAF	=	20000.00000000
MSPDNALIY	=	20000.00000000
YYLEKANKI	=	20000.00000000
YYNAFHWA	=	20000.00000000
YYNAFQWAI	=	20000.00000000
MSNEGSYFF	=	20000.00000000
FYYNAFHWA	=	20000.00000000
