NRYGVAYVY	=	4.00000000
NEWYVQPQA	=	67.76666667
WRLYSPPPV	=	117.93333333
SRWGYQVKH	=	415.00000000
HRYLIRQSM	=	581.86666093
ARWLASTPL	=	640.00000000
RRVSGCVSV	=	965.70000000
WRMVVRASF	=	1345.00000000
YRGGGQQHV	=	3000.00000000
KRMGVQMQR	=	6000.00000000
SRLGIVVLR	=	7000.00000000
YRTAVCGLY	=	7000.00000000
GRVIPRMLY	=	8000.00000000
ARYGIFLPF	=	16000.00000000
KRIRLKHIF	=	18000.00000000
KRSTPFYTK	=	20000.00000000
RRFQHKDGH	=	20000.00000000
GRGQILLGK	=	20000.00000000
FQAGMRLYF	=	20000.00000000
FQANMFLTL	=	20000.00000000
GQMAWGYGF	=	20000.00000000
RRGKANKPR	=	20000.00000000
SDFFDRLQV	=	20000.00000000
RVISDGYFK	=	20000.00000000
RRNDVARIF	>	20000.00000000
RRHPMRLRK	>	20000.00000000
KEWCGNLIV	=	20000.00000000
