KRPYVFVAA	=	68.83333333
KRMMIRYCL	=	116.00000000
SRWAISHWL	=	167.00000000
NRRFVNVVP	<	500.00000000
SRFLRRPAQ	=	670.73333333
YRFRKSSKK	=	701.59995723
RRNRKALWL	=	3372.82222033
KRFYQTVGF	=	4000.00000000
RQMKSGGRF	=	20000.00000000
ARIDARIDF	=	20000.00000000
RKWGLDFCY	=	20000.00000000
KRYKQMCTK	=	20000.00000000
MAWLFFWAI	=	20000.00000000
QRIAVPVTK	=	20000.00000000
RVWRGEQGK	=	20000.00000000
RRTPRVSWK	=	20000.00000000
SRALLLNKY	=	20000.00000000
RRRIGEIFK	=	20000.00000000
RRQWVLAFR	=	20000.00000000
RRRQWASCM	=	20000.00000000
YQVLVMVPK	=	20000.00000000
SRKKGFLGL	=	20000.00000000
GRWMLPQGM	=	20000.00000000
IRYLGVLLY	=	20000.00000000
SRIGAWASK	=	20000.00000000
KQWGWFALL	=	20000.00000000
RRTKLPLTK	=	20000.00000000
