FEYGGFPPA	=	0.70000000
NRYGVAYVY	=	4.00000000
NRWKSWFSY	=	9.91096129
RRFWFRLRP	=	17.00000000
WRWKSQVTI	=	29.73333333
NEWYVQPQA	=	67.76666667
KRPYVFVAA	=	68.83333333
YRFNLRRKM	=	85.70000000
KRMMIRYCL	=	116.00000000
WRLYSPPPV	=	117.93333333
SRWAISHWL	=	167.00000000
SRWGYQVKH	=	415.00000000
IRHHVRWAL	=	451.93333333
NRAVVGVVA	<	500.00000000
NRRFVNVVP	<	500.00000000
GQWDGWVWL	=	537.83333333
HRYLIRQSM	=	581.86666093
ARWLASTPL	=	640.00000000
SRFLRRPAQ	=	670.73333333
FRMLAWHVL	=	688.80000000
KRMMVRHCL	=	699.00000000
YRFRKSSKK	=	701.59995723
YRAVLRYMM	=	845.00000000
RRFWVGYQQ	=	892.90000000
GRYSVRYVR	=	930.00000000
RRVSGCVSV	=	965.70000000
RRMMMRITE	=	1149.00000000
WRMVVRASF	=	1345.00000000
KRWAFRTGV	=	1535.00000000
YRYKMPVME	=	1620.00000000
SRWRIRSGL	=	2400.86666667
YRGGGQQHV	=	3000.00000000
SRSKPAAMY	=	3040.68888300
RRNRKALWL	=	3372.82222033
SRDYYRHKV	=	3616.96666667
KRFYQTVGF	=	4000.00000000
YRAKVKPWA	=	4500.00000000
WDYLVRHDA	=	4500.00000000
RQWGMGFLL	=	6000.00000000
MPMKGRFPI	=	6000.00000000
IKWLWKANK	=	6000.00000000
KRMGVQMQR	=	6000.00000000
RRFNLFNKF	=	7000.00000000
SRLGIVVLR	=	7000.00000000
YRTAVCGLY	=	7000.00000000
GRVIPRMLY	=	8000.00000000
RRHGMAWRQ	=	12000.00000000
ARYGIFLPF	=	16000.00000000
KRIRLKHIF	=	18000.00000000
RQMKSGGRF	=	20000.00000000
RRARYWLTY	=	20000.00000000
KRSTPFYTK	=	20000.00000000
KRASGDPYF	=	20000.00000000
RRFQHKDGH	=	20000.00000000
GRGQILLGK	=	20000.00000000
GKFFAQAFL	=	20000.00000000
ARIDARIDF	=	20000.00000000
FQAGMRLYF	=	20000.00000000
FQANMFLTL	=	20000.00000000
FRISGRGGK	=	20000.00000000
RQIQVEGLK	=	20000.00000000
ARHGEYAPF	=	20000.00000000
RHYKRWPFY	=	20000.00000000
RKWGLDFCY	=	20000.00000000
KRYKQMCTK	=	20000.00000000
MAWLFFWAI	=	20000.00000000
MKWMMAMKY	=	20000.00000000
MRIPVERTL	=	20000.00000000
NEAWGKKPV	=	20000.00000000
RMIESRMSK	=	20000.00000000
QRIAVPVTK	=	20000.00000000
YRYGFVANF	=	20000.00000000
KRLLLKLDF	=	20000.00000000
RKAGVNQAK	=	20000.00000000
RKLGWWLKL	=	20000.00000000
RKRLMSMVK	=	20000.00000000
QRNGRIDRY	=	20000.00000000
GQMAWGYGF	=	20000.00000000
RRGKANKPR	=	20000.00000000
YRLVSAVEK	=	20000.00000000
SDFFDRLQV	=	20000.00000000
RVWRGEQGK	=	20000.00000000
RVISDGYFK	=	20000.00000000
RRTPRVSWK	=	20000.00000000
SRALLLNKY	=	20000.00000000
RRRIGEIFK	=	20000.00000000
RRQWVLAFR	=	20000.00000000
RHIAIQVCY	=	20000.00000000
RRQGNIYPK	=	20000.00000000
RRNDVARIF	>	20000.00000000
RRHPMRLRK	>	20000.00000000
RRRQWASCM	=	20000.00000000
GRKTPLLCF	=	20000.00000000
YQVLVMVPK	=	20000.00000000
SRKKGFLGL	=	20000.00000000
GRWMLPQGM	=	20000.00000000
HRMNKILHY	=	20000.00000000
IRYLGVLLY	=	20000.00000000
SRIGAWASK	=	20000.00000000
KEWCGNLIV	=	20000.00000000
KQWGWFALL	=	20000.00000000
RRATAILRK	=	20000.00000000
AKYEICLEK	=	20000.00000000
RRTKLPLTK	=	20000.00000000
KHNSAESAK	=	20000.00000000
