FEYGGFPPA	=	0.70000000
WRWKSQVTI	=	29.73333333
YRFNLRRKM	=	85.70000000
GQWDGWVWL	=	537.83333333
RRFWVGYQQ	=	892.90000000
GRYSVRYVR	=	930.00000000
RRMMMRITE	=	1149.00000000
KRWAFRTGV	=	1535.00000000
YRYKMPVME	=	1620.00000000
YRAKVKPWA	=	4500.00000000
WDYLVRHDA	=	4500.00000000
MPMKGRFPI	=	6000.00000000
RRFNLFNKF	=	7000.00000000
RRHGMAWRQ	=	12000.00000000
GKFFAQAFL	=	20000.00000000
FRISGRGGK	=	20000.00000000
MKWMMAMKY	=	20000.00000000
NEAWGKKPV	=	20000.00000000
RKLGWWLKL	=	20000.00000000
RKRLMSMVK	=	20000.00000000
YRLVSAVEK	=	20000.00000000
RHIAIQVCY	=	20000.00000000
RRQGNIYPK	=	20000.00000000
GRKTPLLCF	=	20000.00000000
HRMNKILHY	=	20000.00000000
