FEYGGFPPA	=	0.70000000
NRYGVAYVY	=	4.00000000
NRWKSWFSY	=	9.91096129
RRFWFRLRP	=	17.00000000
YEHYFVFAA	=	22.69956139
WRWKSQVTI	=	29.73333333
MRYFIGQPL	=	43.85000000
NEWYVQPQA	=	67.76666667
YRFNLRRKM	=	85.70000000
WRLYSPPPV	=	117.93333333
FPYAIRLVA	=	129.90000000
NRTQGGLRA	=	136.70000000
SRWGYQVKH	=	415.00000000
IRHHVRWAL	=	451.93333333
NRAVVGVVA	<	500.00000000
GQWDGWVWL	=	537.83333333
HRYLIRQSM	=	581.86666093
ARWLASTPL	=	640.00000000
FRMLAWHVL	=	688.80000000
KRMMVRHCL	=	699.00000000
YRAVLRYMM	=	845.00000000
RRFWVGYQQ	=	892.90000000
GRYSVRYVR	=	930.00000000
RRVSGCVSV	=	965.70000000
RRMMMRITE	=	1149.00000000
ARWLFPVYL	=	1325.00000000
YPFHIFYPV	=	1326.70000000
WRMVVRASF	=	1345.00000000
KRWAFRTGV	=	1535.00000000
YRYKMPVME	=	1620.00000000
SRWRIRSGL	=	2400.86666667
RRWIAPHPL	=	2921.00000000
YRGGGQQHV	=	3000.00000000
SRSKPAAMY	=	3040.68888300
IRNLVKRYK	=	3500.00000000
FRAAVRAHF	=	3500.00000000
SRDYYRHKV	=	3616.96666667
IRSCWRYRK	=	3879.00000000
KRMMMNLNY	=	4000.00000000
YRAKVKPWA	=	4500.00000000
WDYLVRHDA	=	4500.00000000
FETMVFPAV	=	5000.00000000
YRNFSFSLK	=	5632.86666600
RQWGMGFLL	=	6000.00000000
MPMKGRFPI	=	6000.00000000
IKWLWKANK	=	6000.00000000
KRMGVQMQR	=	6000.00000000
RRFNLFNKF	=	7000.00000000
SRLGIVVLR	=	7000.00000000
YRTAVCGLY	=	7000.00000000
GRVIPRMLY	=	8000.00000000
RRHGMAWRQ	=	12000.00000000
ARYGIFLPF	=	16000.00000000
KRIRLKHIF	=	18000.00000000
RRARYWLTY	=	20000.00000000
KRSTPFYTK	=	20000.00000000
KRASGDPYF	=	20000.00000000
RRFQHKDGH	=	20000.00000000
GRGQILLGK	=	20000.00000000
GKFFAQAFL	=	20000.00000000
FPLWWVSSI	=	20000.00000000
FQAGMRLYF	=	20000.00000000
FQANMFLTL	=	20000.00000000
FRISGRGGK	=	20000.00000000
RQIQVEGLK	=	20000.00000000
ARHGEYAPF	=	20000.00000000
RQHGFTPSK	=	20000.00000000
RHYKRWPFY	=	20000.00000000
MKWMMAMKY	=	20000.00000000
MRIPVERTL	=	20000.00000000
NEAWGKKPV	=	20000.00000000
PRFGSCYFL	=	20000.00000000
RMIESRMSK	=	20000.00000000
YRYGFVANF	=	20000.00000000
GKIKGKYSY	=	20000.00000000
KRLLLKLDF	=	20000.00000000
RKAGVNQAK	=	20000.00000000
RKLGWWLKL	=	20000.00000000
RKRLMSMVK	=	20000.00000000
QRNGRIDRY	=	20000.00000000
GQMAWGYGF	=	20000.00000000
RRGKANKPR	=	20000.00000000
KQWSWFSLL	=	20000.00000000
YRLVSAVEK	=	20000.00000000
SDFFDRLQV	=	20000.00000000
RVISDGYFK	=	20000.00000000
YRSGVPVEK	=	20000.00000000
TRTSPNIPK	=	20000.00000000
RHIAIQVCY	=	20000.00000000
RRQGNIYPK	=	20000.00000000
RRNDVARIF	>	20000.00000000
RRHPMRLRK	>	20000.00000000
GRKTPLLCF	=	20000.00000000
GRNSRFPDK	=	20000.00000000
GRRPLKNRK	=	20000.00000000
HRIQEELFY	=	20000.00000000
HRMNKILHY	=	20000.00000000
KEWCGNLIV	=	20000.00000000
RRATAILRK	=	20000.00000000
AKYEICLEK	=	20000.00000000
SRLKPSSFK	=	20000.00000000
SRQRQAIPY	=	20000.00000000
KHNSAESAK	=	20000.00000000
REPGVRFVV	=	20000.00000000
