NRWKSWFSY	=	9.91096129
RRFWFRLRP	=	17.00000000
IRHHVRWAL	=	451.93333333
NRAVVGVVA	<	500.00000000
FRMLAWHVL	=	688.80000000
KRMMVRHCL	=	699.00000000
YRAVLRYMM	=	845.00000000
SRWRIRSGL	=	2400.86666667
SRSKPAAMY	=	3040.68888300
SRDYYRHKV	=	3616.96666667
RQWGMGFLL	=	6000.00000000
IKWLWKANK	=	6000.00000000
RRARYWLTY	=	20000.00000000
KRASGDPYF	=	20000.00000000
RQIQVEGLK	=	20000.00000000
ARHGEYAPF	=	20000.00000000
RHYKRWPFY	=	20000.00000000
MRIPVERTL	=	20000.00000000
RMIESRMSK	=	20000.00000000
YRYGFVANF	=	20000.00000000
KRLLLKLDF	=	20000.00000000
RKAGVNQAK	=	20000.00000000
QRNGRIDRY	=	20000.00000000
RRATAILRK	=	20000.00000000
AKYEICLEK	=	20000.00000000
KHNSAESAK	=	20000.00000000
