YEHYFVFAA	=	22.69956139
MRYFIGQPL	=	43.85000000
FPYAIRLVA	=	129.90000000
NRTQGGLRA	=	136.70000000
ARWLFPVYL	=	1325.00000000
YPFHIFYPV	=	1326.70000000
RRWIAPHPL	=	2921.00000000
IRNLVKRYK	=	3500.00000000
FRAAVRAHF	=	3500.00000000
IRSCWRYRK	=	3879.00000000
KRMMMNLNY	=	4000.00000000
FETMVFPAV	=	5000.00000000
YRNFSFSLK	=	5632.86666600
FPLWWVSSI	=	20000.00000000
RQHGFTPSK	=	20000.00000000
PRFGSCYFL	=	20000.00000000
GKIKGKYSY	=	20000.00000000
KQWSWFSLL	=	20000.00000000
YRSGVPVEK	=	20000.00000000
TRTSPNIPK	=	20000.00000000
GRNSRFPDK	=	20000.00000000
GRRPLKNRK	=	20000.00000000
HRIQEELFY	=	20000.00000000
SRLKPSSFK	=	20000.00000000
SRQRQAIPY	=	20000.00000000
REPGVRFVV	=	20000.00000000
