KYISSEATTPV	=	0.59000000
SWPKFAVPNL	=	0.65000000
MWYWGPSLYSI	=	1.20111800
AYISSEATTPM	=	1.86900600
AYISSEATFPV	<	2.00000000
SYISSEATTPV	<	2.00000000
AYISSEANTPV	<	2.00000000
AYISIEATTPV	<	2.00000000
AYISSENTTPV	<	2.00000000
SWLGNIIMFA	<	2.00000000
AYISSEATSPV	=	2.00469400
AYISKEATTPV	=	2.16885333
VFFCFAWYL	=	3.15201600
FYISSEATTPV	=	3.20401200
AFISSEATTPV	=	3.98244600
IWMMWYWGPSL	=	4.99796800
SWAIKWEYVV	=	5.55861500
KFAVPNLQSL	=	6.70520700
AYISSEATTFV	=	6.73495400
AYISSEATTEV	=	8.25718100
FFPSVRDLL	=	11.26516333
AAISSEATTPV	=	12.10786467
AYISSEETTPV	=	17.22497500
KFNPMKTYI	=	22.24754100
NYTIFKVRMYV	=	36.54914400
LYFIKGLNNL	=	40.42800133
AYISSEAETPV	=	45.98161600
EYADVFHLYL	=	48.82451933
SFNCGGEFF	=	52.76158500
GYSLNFMGYV	=	57.64221700
LYQTFGRKLHL	=	63.60361800
RYRFAFLYLL	=	65.36710400
NFLLSLGIHL	=	79.27419000
HWTTQDCNCSI	=	82.04336800
IFFASFYYI	=	101.98663467
EWASARFSWL	=	108.24550867
KYLPLDKGI	=	111.06366400
SWGANDTDVFV	=	115.02219000
RFARALPVWA	=	119.18324700
SYFVASFRLF	=	120.74265333
VYALYGMWPL	=	127.66948000
TFSPTYKAFL	=	137.27466900
MWLSYFVASF	=	159.76347067
TWVLVGGVLAA	=	171.11151700
AYKSSEATTPV	=	173.25692200
NYRVSWPKFAV	=	211.03710900
AKISSEATTPV	=	239.96720000
SFVYVPSAL	=	252.47499000
GYRWMCLRR	=	260.16454600
MWSGTFPINA	=	279.63164800
LWILQASLL	=	306.33295800
HYVPESDAA	=	320.05046600
QYISSEATTPT	=	321.66396733
QFTSAICSV	=	365.25557100
LYDANYFVCW	=	383.29739800
NFISGIQYL	=	398.69635400
YFVRVQGLLRI	=	420.27461100
PFYGKAIPL	=	505.27620300
AYISSEATTPK	=	571.01676867
KFYGPFVDR	=	611.54827100
SWEQDLQHGA	=	699.64060500
NWSPTAALV	=	716.82458300
AWIDNYNKF	=	729.59450700
VYHITVSQI	=	786.66670733
RFIIFLFIL	=	849.76107500
LWRQEMGGNI	=	886.06280800
YYLTRDPTTPL	=	928.40221700
EFFTELDGVRL	=	958.70990800
AEYISSEATTPV	=	1027.00000000
RRDYRRGL	=	1044.19365000
DWKVCQRIVGL	=	1060.64152800
VFVLNNTRPPL	=	1080.08569700
KFPGGGQIV	=	1152.21422500
QWISSEYTT	=	1172.26528267
WFHISCLTFGR	=	1185.56722500
MYVGGVEHRL	=	1229.15727100
VFQSATKII	=	1421.91127000
VWIRTPPAYR	=	1422.27123200
LYLVTRHADVI	=	1437.14120800
SFQVAHLHA	=	1529.26438000
DFAQGWGPI	=	1601.40986100
PFLLAQFTSAI	=	1619.98581700
NWSPTAALVV	=	1642.04518000
CYSIEPLDL	=	1707.80659700
APYISSEATTPV	=	1914.00000000
FFSVLIARDQL	=	1994.04613700
NYKFALWRV	=	2215.34103100
YYKRYISWCM	=	2309.83891900
LYDVVSKLPLA	=	2426.77018500
GFRKIPMGVGL	=	2580.58275200
AYAAQGYKVLV	=	2843.63383200
AYCLSTGCVVI	=	2907.45315800
EFFTELDGV	=	2974.54639700
EYVVLLFLLLA	=	3085.88001900
SFGSSSTSGI	=	3820.44535300
TFEKHSSSGHA	=	3899.95109400
LFILLLCLIFL	=	4178.57289400
FYPKVTKYLPL	=	4233.53764000
MFAPTLWARMI	=	4258.47304600
VFSRMETKL	=	4456.82643400
LYGVGSSIA	=	4678.53146400
GFFLLTRIL	=	5024.85864300
TWPDANKVGA	=	5617.48259500
LWMMLLISQA	=	5885.45721700
LYMAISPKF	=	5928.64574067
AYMLFTKFF	=	5977.65115733
LYLVTRHADV	=	6060.77998400
VFPDLGVRV	=	6138.48414400
GFADLMGYIPL	=	6240.23189100
IYPGHITGHRM	=	6314.04067400
TFHQTLQDPR	=	7063.25528100
HYQDVLKEVKA	=	7516.79206700
YQAVVPLVY	=	7724.90193000
PFTQCGYPAL	=	8006.40769000
AYAQQTRGL	=	8795.28113200
CFARSRSGANI	=	8873.56509400
DYCSRNLYV	=	9960.77654000
NWAKVLVVLLL	=	12698.59044850
FVNYNFTLV	=	12941.53846000
PFLLAQFTSA	=	16463.08945900
AWRHRARSVRA	=	20610.92160050
WFWFCLLLLAA	=	30850.46980200
VGNVYVKF	=	37994.85521000
YHSNVKEL	=	45614.38061000
DYCLSLIVNLL	>	63157.00000000
LYGNEGCGWA	>	70588.00000000
ETFGFEIQSY	>	70588.23529000
AYIDNYNKF	=	70864.63000000
FVGLALLTL	>	77419.00000000
DYNFVKQLF	>	77419.00000000
YVFPVIFSK	>	77419.35484000
FPFKYAAAF	>	77419.35484000
