KYTSFPWLL	=	0.03000000
HYFQTRHYL	=	0.09000000
RFSWLSLLV	=	0.32000000
TWLTYHGAI	=	1.60227333
AYISSEATTPI	=	1.60542467
AYISSSATTPV	=	1.68108700
AYISSEATNPV	<	2.00000000
AYISSEITTPV	<	2.00000000
SWLSLDVSA	<	2.00000000
AYISSEATTPV	=	2.33343090
IYISSEATTPV	=	3.49904700
QWFVGLSPTV	=	6.69862867
AFLCKQYLNL	=	7.99667533
SWLSLDVSAA	=	9.11413133
AYIISEATTPV	=	9.18659800
SFPWLLGCA	=	9.50128133
RWMCLRRFI	=	10.81769667
RGYVFQGL	=	12.70275700
AFYHLPLHPA	=	15.86013700
SWCMWWLQYFL	=	16.62967900
CWVAVTPTV	=	17.74079100
AVISSEATTPV	=	19.32906533
QYISSEATTPA	=	20.73046800
AIISSEATTPV	=	25.00741867
AYMNTPGLPV	=	26.69535300
AYFSMVGNWA	=	32.89537200
CWGELMTLA	=	40.58753100
QWMNRLIAFA	=	46.78576400
YFVASFRLF	=	54.40215133
SFPWLLGCAA	=	55.73521300
ATISSEATTPV	=	61.19989000
QWNSTTFHQTL	=	64.12403200
GYSLNFMGYVI	=	70.25583600
NYMPYVFTLL	=	72.19494600
RWMCLRRFII	=	82.30111533
LFTAVTNFLL	=	82.97597200
SYSWTGALV	=	85.09947800
AYMSKAHGV	=	95.37132900
NYMPYVFTL	=	101.15699333
YWGPSLYSI	=	109.23616200
GWSPQAQGI	=	115.44947000
YEFLQPILL	=	115.70610000
WYWGPSLYSI	=	124.27329000
VFYLYLTFYF	=	154.84777800
GYRGVWRGDGI	=	180.51411400
TYQRTRALV	=	223.07112800
GWGLVMGHQRM	=	229.74227400
GYPALMPLYA	=	229.99483200
MWPLLLLLLA	=	268.91288000
VFDITKLLL	=	325.93420200
AWETARHTPV	=	346.63852500
PYRLWHYPCTI	=	417.02486200
VWINNSWKF	=	417.69863600
AYESSEATTPV	=	421.11666000
RFIIFLFILL	=	473.69292200
LWRVSAEEYV	=	474.01037700
SYDTRCFDSTV	=	500.77771100
MYTNVDQDLV	=	530.59226100
WFVGLSPTV	=	586.53942600
FYLCFLAFLL	=	595.11943467
GWSPQAQGIL	=	730.60853600
VFDITKLLLAI	=	768.42270200
PFVVSTGYHF	=	803.73207800
AWYLKGRWV	=	813.04506400
GYIPLVGAPL	=	882.50252400
YYRGLDVSV	=	922.73286100
YRHDGGNVL	=	955.40296000
AEISSEATTPV	=	1026.84849700
AYTTGPCTPL	=	1074.59851400
PYLFWLAAI	=	1199.98374000
SFGVWIRTPPA	=	1203.91893000
GWVAAQLAA	=	1226.01336600
AYSSSEATTPV	=	1292.41404200
SGPSNTYPEI	=	1500.44286900
TYSTYGKFLA	=	1660.26922900
AYAAQGYKV	=	1709.41298300
TWVLVGGVLA	=	1983.62350000
NYTIFKVRM	=	1998.53340400
ADYISSEATTPV	=	2077.00000000
SWGANDTDV	=	2457.99220300
LFNILGGWVAA	=	2518.71113400
ERYFRIHSL	=	2631.61849700
HYPCTINYTI	=	2642.84334600
GFTGDFDSV	=	2648.78720000
SFHQQSSGIL	=	2695.99631700
PYFVRVQGL	=	2959.05262600
YMPYVFTLLF	=	3258.87548267
IFKVRMYVGGV	=	3378.00409800
LYNSTFFSTF	=	3610.93293200
GYVIGCYGSL	=	4162.70236700
LYKLMGHFSW	=	4296.67656733
VFDITKLLLA	=	4909.36148900
NFPYLVAYQA	=	4951.35928600
WYLKGRWVPGA	=	4979.68017300
PFTQCGYPALM	=	5159.05992400
AYRPPNAPIL	=	5273.01539200
GWRLLAPITA	=	5464.15002700
HYVQMAIIKL	=	5603.30932400
LFAGVDAETHV	=	5667.42756800
YVADALAAF	=	5905.65089300
FFTELDGVRL	=	6579.51695000
MWPLLLLLLAL	=	8465.62163200
AFTEAMTRYSA	=	8645.85626600
DHQAAFQYI	=	8702.86563500
QFTSAICSVVR	=	8840.99347400
LYIIKLVFL	=	10690.73954767
NWTRGERCDL	=	11066.67690100
CFAWYLKGRWV	=	11657.21755950
DWAHNGLRDLA	=	12766.13804800
NYRVSWPKFA	=	14789.47733150
AYISSEATTPH	=	17539.19108700
QYLYGVGSSIA	=	19662.05902000
LYKRETTHSA	=	21150.50580050
GYGAGVAGA	=	26548.80749900
GFTGDFDSVI	=	29555.34985100
TYGPVFMCL	=	29804.45223000
GYGAKDVRCHA	=	32674.99405100
RISGVDRYY	=	34370.29482000
AYQATVCARA	=	34828.15031100
GWGLVMGHQR	=	43329.48868000
RYLKDQQLL	=	47400.87342850
CFRKLPINR	=	49827.28791100
YVQMALMKL	=	54017.89639150
PYIEQGMML	>	70588.00000000
PYLVAYQATV	>	70588.00000000
GYRRCRASGVL	>	70588.00000000
YAAQGYKVL	>	77419.00000000
EFGATVELL	>	77419.00000000
KSINKVYGK	>	77419.35484000
RYPLTFGW	>	88888.00000000
