RYYDGNIYEL	=	0.23000000
SYQHFRRLLL	=	0.63000000
AYISSEATTPL	=	0.81000000
SWLSLLVPFV	=	0.85000000
RWVPGAVYAL	=	1.21413700
KYIMTCMSADL	=	1.24911100
AYISSFATTPV	=	1.71158000
AYISFEATTPV	=	1.81786800
AYIFSEATTPV	=	1.82465000
KYIMTCMSA	=	1.90752900
VWLSVIWMM	<	2.00000000
AYISSEFTTPV	<	2.00000000
RWGYSLNFM	=	2.18625400
RILHNFAYSL	=	2.73783400
KWEYVVLLFL	=	4.31027500
FYFTNDVSFL	=	4.39799333
AYISSESTTPV	=	4.67035700
AYISSEKTTPV	=	4.71645267
AYISSEASTPV	=	4.80488800
SWDQMWKCLI	=	4.86955000
AYISSEATTPR	=	6.29565467
KFLWEWASA	=	6.72985200
SWLRDIWDWI	=	8.66418200
AYISSEATKPV	=	14.24133800
SWHINSTAL	=	16.98146200
RFAPPCKPL	=	18.27726400
RFAPPCKPLL	=	21.67140700
NYISSEATTPV	=	31.29328200
AFYHLPLHPAA	=	32.66998500
AQISSEATTPV	=	41.12593000
AYYRGLDVSVI	=	46.79096700
AYISSEATTPT	=	53.84199600
VYVPSALNPA	=	57.20782300
RWFWFCLLLL	=	58.51867400
RWFWFCLLLLA	=	61.99891700
ALISSEATTPV	=	75.06226667
AYISSEATTPS	=	76.13931400
TFLATCINGV	=	76.27328200
TWMNSTGFTKV	=	76.72625800
KFNSSGCPERL	=	97.20775300
DFFPSVRDL	=	104.48630300
SYLKGSSGGPL	=	104.80669800
ERYFRINSL	=	188.06674400
NFTGLYSSTV	=	200.51989400
AFGKFLWEWA	=	224.81229300
IFSRIGDPA	=	308.87367800
AFPHCLAFSYM	=	320.61658600
NWILRGTSFV	=	337.38892500
VYCFTPSPVV	=	348.21822300
FYHLPLHPAAM	=	349.78414300
VYHGAGTRTIA	=	380.55089900
SWFITQRNFF	=	404.96429067
YYHTLDESF	=	408.97089333
AYRPPNAPI	=	409.20561400
AHISSEATTPV	=	430.09701200
YTGDFDSVI	=	439.48159200
TWVLVGGVL	=	562.68329900
VYALYGMWPLL	=	594.15663300
SFPNIHLHQDI	=	605.37927400
YYRGLDVSVI	=	617.06245800
QWNLVIGFLF	=	621.84000800
ARISSEATTPV	=	621.99876933
NWAKVLVVL	=	657.09819800
AFTAAVTSPL	=	767.16244600
AQFSPQYL	=	774.75050500
WWLQYFLTRV	=	838.86881000
CFARSRSGA	=	872.09947200
CYWPLNDYGF	=	951.02332867
TFHQTLQDPRV	=	1008.24197900
CWVAVTPTVA	=	1098.60701600
SYMDDVVLGA	=	1108.27221000
EFWEGVFTGL	=	1124.31233400
TWKKPDYEPPV	=	1167.77744500
AYISSEATTPD	=	1215.08775333
AYAQQTRGLL	=	1248.93071500
GFRKIPMGV	=	1328.07977300
FFPDHQLDPA	=	1354.71657800
YYFMKFRRVF	=	1616.68864800
AYCLSTGCVV	=	1690.14547700
RGPYRAFVTI	=	1800.67307100
LFNILGGWV	=	1840.58388900
APISSEATTPV	=	1914.32502900
KFGYGAKDV	=	2039.96023900
LYQTFGRKL	=	2042.92768700
IFFCLWVYI	=	2051.57376300
TYSRCGSGPWI	=	2141.82438500
AYALDTEVAA	=	2143.03402500
SWTGALVTPCA	=	2216.76589400
SEAAYAKKI	=	2268.36403700
PWITPRCMV	=	2402.40721700
HFASPLHVAWR	=	2558.96261300
TFGRETVIEYL	=	2604.56007300
VFTGLTHIDA	=	3443.45114100
PFRPTTGRTSL	=	3586.19136600
DFSQFSRGNYR	=	3696.18963600
TYSAGIVQI	=	5080.52909600
HYPPRPCGI	=	5162.32898100
LFNILGGWVA	=	5886.13765900
YWISSETTTPT	=	5981.35245667
VYEAADAIL	=	6052.92876800
RYVARLSSNSR	=	7034.24502900
IFLLALLSCL	=	7421.38702700
DYVVVHGYF	=	7939.17308867
AYQVRNSSGL	=	8245.45933600
PYFVRVQGLL	=	8614.60984500
SFSIFLLALL	=	8691.88760000
WYELTPAETTV	=	8916.49431100
RFIIFLFILLL	=	10970.34681200
TYVPSQERNF	=	11425.64101933
QFKQKALGL	=	11976.01619050
VFNNYMPYVF	=	15405.95053267
AFKIMSGEV	=	15554.27542050
AYCLSTGCV	=	16283.35480100
SYSLFDMSKF	=	16687.01589867
DYCLSLIVNL	=	16695.67742150
LWKAGILYKR	=	17874.15099150
NWSPTAALVVA	=	29352.71941100
LYIIKLVFLW	=	32532.61436100
GYRRCRASGV	=	36514.83716850
GYTMHANYIF	=	37700.39100700
KCDELAAKL	=	40201.51261000
VFSRMETKLI	=	51356.18094900
AYAAQGYKVL	>	70588.00000000
VFPCWWLQFR	>	70588.00000000
EFHNLPPNSA	>	70588.00000000
TYPVLEEMF	>	77419.00000000
KRLRPGGKK	>	77419.00000000
PYKEFGATV	>	77419.00000000
FRYNGLIHR	>	77419.35484000
APRTLVYLL	>	77419.35484000
