SWWTSLNFL	=	0.11000000
RYISWCMWWL	=	3.84724300
SWAIKWEYV	=	6.49386300
FWAKHMWNFI	=	6.67714400
QYISSEATTPV	=	7.07105667
AYISSEATTNV	=	8.40769800
LYGMWPLLLL	=	8.69142800
AYISSEAFTPV	=	9.05401100
AYIESEATTPV	=	11.04205500
KFRQLLWFHI	=	11.19411867
VWARPDYNPPL	=	11.30918100
AYISSEATTSV	=	12.70238500
AMISSEATTPV	=	12.95718933
SFLVFFCFA	=	14.04759500
SYVNTNMGL	=	18.23169100
HWKTPSFPNI	=	24.20710600
HYVSGMTTDNL	=	29.04716000
ASISSEATTPV	=	29.66781600
ANISSEATTPV	=	32.17139067
SFSIFLLAL	=	38.07061100
AYISSEATTKV	=	42.00053667
HYLHTLWKA	=	48.87187000
AYFSSEATTPV	=	54.91944500
RFYPKVTKYL	=	60.94934700
MWPLLLLLL	=	68.36316600
GFFPDHQLDPA	=	69.18773400
NFLGGTTVCL	=	69.94664000
HYLHTLWKAGI	=	69.95617100
GFLGPLLVLQA	=	77.06576067
LFTAVTNFL	=	79.38094600
QYFLTRVEA	=	98.50629100
QYLAGLSTL	=	111.81721300
VFWAKHMWNFI	=	124.28188600
CYGSLPQEHI	=	152.44177100
AGISSEATTPV	=	153.19823333
FYHLPLHPA	=	158.54636900
LWPVTLACF	=	192.08750867
MFAPTLWARM	=	206.41924000
VYALCTLLHL	=	211.04278133
SWDQMWKCL	=	220.62644100
IWDWICEVL	=	221.37435100
WYWGPSLYSIL	=	222.26766900
DFFPSVRDLL	=	241.65660000
TWAQPGYPWPL	=	247.21152800
PFVQWFVGL	=	249.18578800
KFLWEWASAR	=	268.83933700
YFTEVYYQL	=	268.95625467
EYISSEATTPV	=	286.95692400
SWSTVSSGA	=	287.63563400
YWGPSLYSIL	=	290.39898700
LYSILSPFLPL	=	323.18518667
QYLNLYPVA	=	326.24079700
PWLLGCAANWI	=	355.57452000
VYCFTPSPVVV	=	367.88959000
AYISSEATTPN	=	400.94953667
AYISSEATTPG	=	443.21615400
SFRVGLHEYPV	=	539.02643600
VFFGYFASHF	=	620.84175200
YFVRVQGLL	=	684.29321200
WFWFCLLLL	=	694.93323700
YFSMVGNWA	=	756.13511100
IYGACYSIEPL	=	840.44154700
EYVVLLFLLL	=	846.27065400
LWILQASLLKV	=	874.49034600
QYFLTRVEAQL	=	892.53615900
FWEGVFTGL	=	925.98498700
AFVGAGLAGAA	=	949.35958700
SFHQQSSGI	=	1065.36912700
AFASRGNHV	=	1105.71139100
LYDVVSKLPL	=	1176.12754500
GFLGPLLVL	=	1188.70859300
GFTPPHGGLL	=	1274.71089500
QWISSECTTPC	=	1397.60121867
GFTPPHGGL	=	1416.34657300
NWQKLEVFWA	=	1471.08873100
YFLTRVEAQL	=	1561.45958000
HFASPLHVA	=	1587.33908200
VWKDLLEDSV	=	1645.87809800
HWGVLAGIA	=	1683.95311800
LFNWAVRTKL	=	1981.12072500
ADISSEATTPV	=	2076.64144200
QYLNLYPVAR	=	2244.06894400
GFFLLTRILTI	=	2358.61847000
CWHYPPRPCGI	=	2606.40823400
VYSTTSRSA	=	2637.36900700
AWKSKKTPM	=	2783.21994100
AYISSEATTPE	=	2947.81194800
FYGKAIPLEV	=	2996.28072500
AWRHRARSV	=	3509.59718600
GDYKLVEI	=	3995.75122400
FYPKVTKYL	=	5094.74914400
AYISSEATTPY	=	5612.03907667
EYYHTLDESF	=	5779.56431667
IFFASFYYIW	=	5848.61123467
FYGKAIPLEVI	=	6123.46701100
MALMKLAAL	=	6621.11712900
LYPVARQRPGL	=	6858.26266500
KAGQYVTIW	=	6924.18231200
LYVGDLCGSV	=	7036.50968000
LFILLLCLI	=	7261.93242100
VYHGAGTRTI	=	7633.94923000
AFVGAGLAGA	=	7940.40590700
CYIKARAACRA	=	8859.40658900
LFRAAVCTRGV	=	9057.57117000
SYSPGEINRVA	=	12014.72706850
QFTSAICSVV	=	12408.27994850
GYGAGVAGAL	=	13011.22880200
NFASKSASCL	=	15805.90109150
GSVNVVYTF	=	16609.09597000
DFSLDPTFTI	=	18362.83103750
GWPAPQGSRSL	=	21065.60301050
GFGAYMSKA	=	22430.88616200
CYGSLPQEHII	=	24106.30211050
GYGAGVAGALV	=	24334.46394750
PFTQCGYPA	=	24343.22477900
CFDSTVTESDI	=	26917.06339800
PYIEQGMMLA	=	30309.40921850
NWAVRTKLKL	=	30578.83148800
WFWFCLLLLA	=	31290.45061900
PYKEFGATVEL	=	35082.32077100
FLRGRAYGI	=	35294.11765000
FPYSTFPII	=	47304.85519000
AQGYKVLVL	=	47499.14960000
GYAFEHIVY	=	50608.05085433
EFHNLPPNSAR	>	63157.00000000
WFCLLLLAA	>	70588.00000000
RRLRPGGKK	>	77419.00000000
YLPTQQDVL	>	77419.35484000
YVFPVIFSR	>	77419.35484000
SEIDLILGY	>	77419.35484000
