AWISSEATTPV	=	0.54000000
LWLLWPVTL	=	0.58500000
TWLKAKLMPQL	=	1.11323400
AYISSEATIPV	=	1.31500200
SFLPSDFFPSV	=	1.34532800
AYINSEATTPV	=	1.62723300
AYISSEAITPV	=	1.70953100
KYTQLCQYL	=	1.81233333
RWFWFCLLL	<	2.00000000
AYISSEATEPV	<	2.00000000
AYISSNATTPV	<	2.00000000
AYYRGLDVSV	<	2.00000000
AYIKSEATTPV	=	2.32666667
KFALWRVSA	=	2.37809700
AYISSKATTPV	=	2.82322267
AYISSIATTPV	=	3.68030700
AYISEEATTPV	=	5.54444500
AYISNEATTPV	=	6.29882300
AYISSEATTPA	=	6.38167867
RWVPGAVYA	=	6.92722500
SYQHFRRLLLL	=	12.21368900
MWWLQYFLTRV	=	13.81986200
SYQHFRRLL	=	16.81155900
YFQTRHYLHTL	=	18.04131400
LYGMWPLLL	=	24.06279500
MWNFISGIQYL	=	31.84881000
AYISSEAKTPV	=	35.28857600
IFSRIGDPAL	=	44.90368600
AYISSEATTPF	=	50.95214000
QFLYLYALI	=	55.88168067
QYIKWPWYVW	=	74.32289333
TYKAFLCKQYL	=	75.79913100
AYISSEATTIV	=	76.26047700
LYSILSPFL	=	82.11069333
NYKFALWRVSA	=	89.09424400
RYRIGNYKL	=	92.63051467
SWAIKWEYVVL	=	96.50480600
GLYSSTVPV	=	104.76997500
FYHLPLHPAA	=	128.05670600
FYLCFLAFL	=	136.85536067
VYCFTPSPV	=	169.83288800
LYGMWPLLLLL	=	178.73273100
PFWITAIYVF	=	189.83577667
NFISGIQYLA	=	200.19403200
AYISSEATTPC	=	211.89042600
ACYISSEATTPV	=	221.00000000
ACISSEATTPV	=	221.26066700
AWYSSEATT	=	228.11234867
LFLLLADARV	=	300.05531700
AYISSEATTPW	=	303.83170800
QYLYGVGSSI	=	331.82327000
YYRYNLPTM	=	358.76194267
TYVYNHLTPL	=	367.85379500
AYISSEATTPQ	=	421.81913267
FWFCLLLLAA	=	425.80620300
RRAARAEYL	=	440.88060000
TWVGVNLEDPA	=	497.04677200
WFVGLSPTVWL	=	570.49796600
DYQGMLPVCPL	=	603.26284200
GYRWMCLRRFI	=	651.40744100
YVIKVSARV	=	665.37117300
TYSTYGKFL	=	671.47393000
AYIDNYNKV	=	674.35576000
FLPSDYFPSV	=	708.07010700
AYISSEATTPP	=	736.94590000
AYALDTEVA	=	792.32214000
KWEYVVLLFLL	=	793.95559900
WFTAGYSGGDI	=	797.18470900
AYNSSEATTPV	=	906.00458900
TFSAPLPIHTA	=	964.24041100
SYSPGEINRV	=	972.54520800
NWAKVLVVLL	=	988.92199700
GFQYSPGQRV	=	997.78915200
CFTPSPVVV	=	1002.19287400
EYVVLLFLL	=	1093.48951700
HYVPESDAAA	=	1125.26522100
QFSRGNYRV	=	1187.10908400
AFSYMDDVVL	=	1238.50810700
IFGPLWILQA	=	1294.75304000
YFSMVGNWAKV	=	1447.43421000
KVFPYALINK	=	1490.79222100
LLLAILGPL	=	1528.97352000
IFLFILLLCLI	=	1556.13001200
CYDAGCAWYEL	=	1578.51424300
RFLYIIKLVF	=	1607.43629467
PYYKRYISWCM	=	1799.12904500
EYLVSFGVWI	=	1945.91723400
GFADLMGYI	=	1958.73032500
AFSYMDDVV	=	1990.39395800
HYPPRPCGIV	=	2125.25927100
LYRLGAVQNEV	=	2129.40245700
DYCSRNLYVSL	=	2284.77372600
FWFCLLLLA	=	2323.12547100
QYSPGQRVEFL	=	2424.26221200
QFKQKALGLL	=	2481.47690400
LYSHPIILGFR	=	3159.47622600
HYQDVLKEV	=	3205.85281800
AFTFSPTYKA	=	3633.39159500
TYSWGANDTDV	=	4466.97399900
AEFKYIAAV	=	4540.11606500
DFKTWLKAKLM	=	4670.92190400
EYLVSFGVWIR	=	5168.34641500
YFPREGVFVF	=	5237.93057667
MYTNVDQDL	=	5612.67244200
KTKDYVNGL	=	6080.69638000
DFKTWLKAKL	=	6761.23403800
YYADSVKGRF	=	6816.94794000
GYSGGDIYHSV	=	7326.92084400
IRFPKTFGY	=	8955.47325700
FFLLTRILTI	=	9052.01449800
PYNSVTDTI	=	9507.71084667
IFLFILLLCL	=	9715.72335100
VYLLPRRGPRL	=	10421.00211200
ISDSNPYLTQW	=	11242.35325000
GYKVLVLNPSV	=	11694.10692200
TILGIGTVL	=	12999.07499900
VFTDNSSPPAV	=	13553.91521850
LYACIQSKQA	=	14328.67740900
IPQSLDSYWTSL	=	14691.06321000
DWKVCQRIV	=	22650.58277150
VFTDNSSPPA	=	29303.17743000
TFTIETTTL	=	36464.22752900
ALPPRAYAM	=	40889.95462100
YTAVVPLVY	=	48546.80364000
DWAHNGLRDL	=	51052.28000000
PFYGKAIPLEV	=	58693.91856750
CFRKLPINRPI	>	63157.00000000
SDYLELDTI	=	63711.82478000
WFCLLLLAAGV	=	66692.40172750
IYQCCDLDPQA	>	70588.00000000
ATPYDINQML	>	70588.23529000
AASCGGAVF	>	77419.00000000
