GRFNGQFKTY	<	100.00000000
QRKKAYADF	<	100.00000000
FRKAQIQGL	<	500.00000000
RRKWRRWHL	<	500.00000000
FQYNGLIHR	<	500.00000000
GRLTKHTKR	<	500.00000000
RRFVNVVPTR	<	500.00000000
RQYQKSTEL	<	500.00000000
GRIDKPILA	<	500.00000000
KRYKSIVKR	<	500.00000000
KRYKSIVKL	<	500.00000000
KRGILTLKR	<	500.00000000
KRGILTLKL	<	500.00000000
RAYQKSTEL	<	500.00000000
KRGILTLKA	<	500.00000000
RRFVNVVPTA	<	500.00000000
KQGILTLKY	<	500.00000000
KQYKSIVKY	<	500.00000000
RRFVNVVPTF	=	2000.00000000
GRVYGLIGL	=	4000.00000000
KRYKSIVKY	=	4000.00000000
RRFFPYYV	=	4000.00000000
KAGILTLKY	>	5000.00000000
RRFKEGGRGGKY	=	5000.00000000
GQIDKPILK	>	5000.00000000
GAIDKPILK	>	5000.00000000
KRKKAYADF	=	5000.00000000
SRQKSGGGSGGF	>	5000.00000000
LRNEESEKMAK	>	5000.00000000
RRISGVDRY	=	5000.00000000
RAFVNVVPTF	>	5000.00000000
RRWLPAGDA	=	5000.00000000
RRKSSGGKGGSY	=	5000.00000000
RAWLPAGDA	>	5000.00000000
RRAAAAAAAI	=	7000.00000000
RRAIATPGM	=	9000.00000000
ARLFGIRAK	=	9000.00000000
RRSKEITVR	=	10000.00000000
RRIKEIVKK	=	10000.00000000
GQYGNPLNK	=	10000.00000000
SRRTSRPNR	=	10000.00000000
FRYNGLIHR	=	10000.00000000
RRFESEKSL	=	11000.00000000
RRVESEKSL	=	14000.00000000
ARFGGVKRI	=	15000.00000000
SRSALLAQM	=	15000.00000000
KRYKGLLPKDI	=	16000.00000000
RRYPDAVYL	=	18000.00000000
SRYWAIRTR	=	18500.00000000
KRFEGLTQR	=	20000.00000000
RRFTRPEH	=	20000.00000000
GRIDKPILK	=	20000.00000000
IQRTPKIQVY	=	23000.00000000
ARVGGVKRI	=	23000.00000000
KRAVGIGAL	=	24000.00000000
RRRESEKSL	=	32000.00000000
VRNKDLNTL	=	56000.00000000
HRQDINGKEM	=	67000.00000000
HRFIYLINH	=	78000.00000000
ARRGGVKRI	=	100000.00000000
KTGGPIYKR	=	100000.00000000
QYDDAVYKL	=	100000.00000000
LRRYLENGK	=	100000.00000000
GRNEVFSNK	=	169000.00000000
