GRFNGQFKTY	<	100.00000000
FQYNGLIHR	<	500.00000000
GRLTKHTKR	<	500.00000000
RAYQKSTEL	<	500.00000000
KQGILTLKY	<	500.00000000
RRFFPYYV	=	4000.00000000
KAGILTLKY	>	5000.00000000
RRFKEGGRGGKY	=	5000.00000000
KRKKAYADF	=	5000.00000000
RRWLPAGDA	=	5000.00000000
RRKSSGGKGGSY	=	5000.00000000
SRSALLAQM	=	15000.00000000
SRYWAIRTR	=	18500.00000000
IQRTPKIQVY	=	23000.00000000
KRAVGIGAL	=	24000.00000000
HRFIYLINH	=	78000.00000000
QYDDAVYKL	=	100000.00000000
