KRYKSIVKL	<	500.00000000
KRGILTLKR	<	500.00000000
KRGILTLKL	<	500.00000000
KQYKSIVKY	<	500.00000000
SRQKSGGGSGGF	>	5000.00000000
RRISGVDRY	=	5000.00000000
RRAIATPGM	=	9000.00000000
RRVESEKSL	=	14000.00000000
KRFEGLTQR	=	20000.00000000
RRFTRPEH	=	20000.00000000
GRIDKPILK	=	20000.00000000
RRRESEKSL	=	32000.00000000
KTGGPIYKR	=	100000.00000000
LRRYLENGK	=	100000.00000000
GRNEVFSNK	=	169000.00000000
