RRFKYLLNV	=	1.90000000
YMYQYIQEL	=	6.50000000
FRYKSRCYV	=	7.50000000
YRFNLRRKM	=	10.00000000
RRYDKLMSF	=	11.00000000
RRNDVARIF	=	22.50000000
IRHNKDRKV	=	26.00000000
SVIDHIHYM	=	26.00000000
RRSRRSLTV	=	36.50000000
MTFPVSLEY	=	39.86666667
TTYQRTRAL	=	57.00000000
RRNDGVVQY	=	61.00000000
TRSFTTHFL	=	90.50000000
FQPQNGQYI	=	120.00000000
SYCNGVREL	=	133.50000000
CRRLNTKYL	=	173.50000000
RRFNRTKPM	=	183.00000000
GRYYVLQFV	=	301.00000000
WMYEGKHVL	=	399.00000000
RYRRLIQIL	=	474.00000000
YLRKHIRAL	=	481.93333333
FASGLIHRV	<	500.00000000
FRPLYTHEY	<	500.00000000
QRTPKAVLYY	<	500.00000000
QRAGIRHL	<	500.00000000
RLPAYAPLL	=	535.00000000
RARLWPRSM	=	701.50000000
MRMAWGGSYI	=	761.00000000
VLYHRYNLV	=	804.55000000
KRWAFRTGV	=	914.55000000
FAFCRITSF	=	1081.00000000
YARNFLIPF	=	1289.65000000
GVPKTHLEL	=	1345.95000000
YLHPKDKYL	=	2084.00000000
FPFKYAAAF	=	2203.77913700
YPKFHRSAM	=	2442.95000000
FARQNNGAF	=	2916.80000000
RMYSPVSIL	=	3106.50000000
KAGQYVTIW	=	3244.57933100
VLPFDIKYI	=	3389.00000000
YLRNAGAAM	=	3623.00000000
FRPLYTIHEY	<	5000.00000000
YRLTGFGVQEL	<	5000.00000000
FRYNGLIHR	=	8065.96978100
CFTSLVWAPLILA	=	8270.34754600
FQYLLPGFVL	=	8622.00000000
ITLWQRPLV	=	13625.52745000
YTAVVPLVY	=	15129.62322000
GDYKLVEI	=	16506.85317000
AFPTSCHMFIICF	=	16579.61784000
FLKEQGGL	=	16941.01192000
KAAFDLSHFL	=	17538.14318000
RQLLWRYQI	=	20000.00000000
KQWSWFSLL	=	20000.00000000
KYYIYRLYF	=	20000.00000000
RMILPMSRAFR	>	20000.00000000
RMMETWHPL	=	20000.00000000
LPSCPTNFCIF	>	20000.00000000
LWFRNHFVF	=	20000.00000000
RTRAGRHAF	=	20000.00000000
YQLEMYHPI	=	20000.00000000
YPFHIFYPV	=	20000.00000000
SMFDSWGPF	=	20000.00000000
RVMAIFMAL	=	20000.00000000
RYMSKTYNF	=	20000.00000000
RYRQVLSPL	=	20000.00000000
RYWRLRYRI	=	20000.00000000
RYMYIYLFI	=	20000.00000000
YQSMIRPPY	>	20000.00000000
ELFARSSDPR	>	20000.00000000
TEAEKWPFF	>	20000.00000000
YTITSLFSL	=	20000.00000000
SLVWAPLILAYF	=	25703.59987000
LAYFPVFRFLNGS	=	28088.53053000
KGAVDLSHFL	=	40028.09678000
LERTSKASLER	>	63683.30465000
ISDSNPYLTQW	>	63683.30465000
AEQASQDVKNW	>	63683.30465000
RSLFNTVATLY	>	63683.30465000
AEQASQEVKNW	>	63683.30465000
QVPLRPMTYK	>	70075.75758000
VLEWRFDSRL	>	70075.75758000
FLGKIWPSHK	>	70075.75758000
KRWIILGLNK	>	70075.75758000
TSNLQEQIGW	>	70075.75758000
GPGHKARVL	>	77812.82860000
QIYAGIKVK	>	77812.82860000
SDYLELDTI	>	77812.82860000
RFPLTFGW	>	87573.96450000
