RVYAHVRSV	=	1.43333333
NYIDKVRFL	=	4.00000000
YLMPYSVYI	=	7.00000000
YRNIVNML	=	7.71048100
LRHSTAHLL	=	13.00000000
IRKPKHLYV	=	31.50000000
FYFNWNTPI	=	33.96666667
TVYPKTHYV	=	35.50000000
TRYYWDIHL	=	51.50000000
KMFNRASYF	=	68.00000000
YLREHIRAM	=	68.46666667
ATYQRTRAL	=	75.00000000
SRWAISHWL	=	82.60000000
FTSSFYNYV	=	89.00000000
FRNIVNML	=	94.25672257
YAMAIRQAI	=	100.83333333
YMRERLSDF	=	112.50000000
SLYWAIRTL	=	115.00000000
YAYEPGSVM	=	294.36666667
RRVRRRVLV	=	316.00000000
KRMMIRYCL	=	410.93333333
AFRNIVNYL	=	411.66233400
SRYGIRRL	<	500.00000000
RIKDFLRNL	<	500.00000000
YRLTVQEL	<	500.00000000
YRLTFVQEL	<	500.00000000
MRYFIGQPL	=	523.70000000
KLMPGSIYV	=	1166.65000000
YMYDFILRF	=	1184.80000000
RFFKHFMSL	=	1188.00000000
QAFRNIVNML	=	1191.98028200
RVRWRNYAL	=	1505.65000000
SMFERDFHF	=	1724.50000000
FVRQCFNPM	=	2362.50000000
FPYEGGKVF	=	2720.00000000
MMHASTSPF	=	3265.95000000
MLYPLLWMF	=	3572.55000000
YMREVGAAL	=	3884.00000000
VYFGDAPGVSL	<	5000.00000000
SRYGADAIRRL	<	5000.00000000
RISGVDRYY	=	7925.61839300
FPFLYKFLL	=	11576.60428000
YVADALAAF	=	14104.69147000
KTKDYVNGL	=	16914.11685000
MIKYCLLKILK	>	20000.00000000
RPYGKFRAM	=	20000.00000000
RQHPGLFPF	=	20000.00000000
RQMRASAPL	=	20000.00000000
LEYFQFVKKLL	>	20000.00000000
RMLPKLAEF	=	20000.00000000
MMMPMFNAF	=	20000.00000000
YMKPGSSPL	=	20000.00000000
RLRRRRHPL	=	20000.00000000
RRWIAPHPL	=	20000.00000000
KVADVDLAVPV	>	20000.00000000
RIYRKGNPL	=	20000.00000000
YPYQLMLSL	=	20000.00000000
RWLPLVSLF	=	20000.00000000
YARRYFYPL	=	20000.00000000
SFLHWFHHL	=	20000.00000000
WMRWGGWPF	=	20000.00000000
WMACNSAAF	=	20000.00000000
FMRFAFLSM	=	20000.00000000
FMYEGDTPL	=	20000.00000000
YWMGGTTYF	=	20000.00000000
YTGDFDSVI	=	21611.90895000
AYIDNYNKF	=	21949.31534000
ETFGFEIQSY	=	22735.34504000
RRDYRRGL	=	34255.44636000
TLYCVHQRI	=	40947.42908000
GQQRSTLERTSKASL	>	46687.69716000
STLERTSKASLER	>	53896.57684000
QALSPRTLNAW	>	63683.30465000
KRWIIMGLNK	>	70075.75758000
ETINEEAADW	>	70075.75758000
GPSHKARVL	>	77812.82860000
KEKGGLDGL	>	77812.82860000
KEKGGLEGL	>	77812.82860000
ISPRTLNAW	>	77812.82860000
AVDLSHFLK	>	77812.82860000
AFDLSHFLK	>	77812.82860000
KYQLKHIVW	>	77812.82860000
YVFPVIFSR	>	77812.82860000
AVDLSHFLR	>	77812.82860000
IEELRRHLL	>	77812.82860000
SPAIFQSSM	>	77812.82860000
SPAIFQCSM	>	77812.82860000
HPEIVIYQY	>	77812.82860000
PLRPMTYR	>	87573.96450000
RYPLTLGW	>	87573.96450000
RGYVFQGL	>	87573.96450000
