YRSDIVGTY	=	6.00000000
YRTATLRTL	=	9.00000000
RRYTRRISL	=	12.93333333
YYWPRPRRY	=	14.00000000
MYYPAQLYL	=	15.00000000
RRYRRIYDL	=	17.00000000
FRKKRLTIM	=	18.50000000
RRYASQTEL	=	21.50000000
SLFKNVRLL	=	42.00000000
LYIEILRLL	=	44.00000000
RRRLRTLVL	=	50.83333333
FMYALSRAF	=	64.83333333
FAYKTGSSM	=	124.93333333
FVHDSVQYF	=	133.50000000
YMKERFTVL	=	149.50000000
ARWLFPVYL	=	206.00000000
VTDEGTSSF	=	332.00000000
MSWGWRLPF	=	386.96666667
AFRNIVNML	=	466.08831930
FLRNLVPRT	<	500.00000000
ARFNDLRFV	<	500.00000000
VYFGDVSL	<	500.00000000
YQFTGIKKY	<	500.00000000
QRAGKIRHL	<	500.00000000
VRHDGGNVL	<	500.00000000
YTFEPHYFY	=	537.90000000
MTMLTRWKI	=	641.00000000
FLPSDYFPSV	=	668.53133000
AYRNIVNML	=	740.81945100
RMMGVKYLM	=	797.85000000
RAMRMVYYL	=	798.00000000
IYPFHVQKI	=	816.00000000
RVKQHMASM	=	1349.50000000
MMFDAMGAL	=	1476.00000000
FAPDRVGAL	=	1893.00000000
YEFLQPILL	=	2367.42976200
AQFSPQYL	=	3556.47642200
AYISSEATTPV	=	4853.67413900
VYFGDPGVSL	<	5000.00000000
QRAGKAIRHL	<	5000.00000000
YRLTFGVQEL	<	5000.00000000
RILHNFAYSL	=	6916.67928700
FLKEKGGL	=	7467.67284200
FLRGRAYGI	=	8702.16163400
FPYSTFPII	=	11992.49891000
YQAVVPLVY	=	14250.55667000
APRTLVYLL	=	14707.59362000
RMMGKTNPL	=	20000.00000000
HRTLLMNEL	=	20000.00000000
YMYAVSGAL	=	20000.00000000
YMLDMTFPV	=	20000.00000000
ILNRETLLDFV	>	20000.00000000
RRRPVTRPL	=	20000.00000000
MMWATAQAL	=	20000.00000000
GSSDFQVHFLK	>	20000.00000000
KWYKYPWRF	=	20000.00000000
KMIGNLLSF	=	20000.00000000
LVTMGTGTFGR	>	20000.00000000
QQYAGWSAL	=	20000.00000000
RIYSHIAPY	=	20000.00000000
TFVPIAWAAAY	>	20000.00000000
SYMMDDLELI	>	20000.00000000
YQVKYVSPV	=	20000.00000000
FAAFYFVFI	=	20000.00000000
WMMAMRYPI	=	20000.00000000
FLYALALLL	=	20000.00000000
YTKKYLLSF	=	20000.00000000
KAAVDLSHFL	=	20133.62243000
FSLPFPFLYKFLL	=	37012.26234000
KAALDLSHFL	=	41807.86957000
LPFPFLYKFLL	=	41950.65939000
QAISPRTLNAW	>	63683.30465000
DHQAAFQYI	=	67437.90161000
TPGPGVRYPL	>	70075.75758000
ATPYDINQML	>	70075.75758000
FPVRPQVPLR	>	70075.75758000
TSTLQEQIAW	>	70075.75758000
ETINEEAAEW	>	70075.75758000
FLGKIWPSYK	>	70075.75758000
RPMTFKAAV	>	77812.82860000
FPVKPQVPL	>	77812.82860000
KEKGGLEGM	>	77812.82860000
LSPRTLNAW	>	77812.82860000
ALDLSHFLK	>	77812.82860000
YPLTFGWCY	>	77812.82860000
IEELREHLL	>	77812.82860000
RTSKASLER	>	77812.82860000
RYPLTFGW	>	87573.96450000
TAFTIPSI	>	87573.96450000
