KLPTTQLRR	<	2.00000000
IMFAPTLWAR	=	5.70582500
RLEAACNWTR	=	7.25627400
GLFRAAVCTR	=	10.75509300
GLLRICALAR	=	18.82805900
KSAGFPFNK	=	20.51266333
IINGLPVSAR	=	20.71687200
WLSYFVASFR	=	36.52045000
YFSMVGNWAK	=	40.16237200
HLIFCHSKK	=	70.18723100
QLFTFSPRR	=	72.34152800
VLSDFKTWLK	=	79.65499400
ALTLSPYYK	=	85.05351100
SLTVTQLLRR	=	99.46946500
HLNPNKTKR	=	117.53714400
CSPHHTALR	=	118.00000000
RAGFHPTAR	=	134.77185300
IITPVVFYR	=	138.70742867
WILQASLLK	=	143.66304700
ALGLLQTASR	=	145.70496600
TMRIYCSLFK	=	308.69628667
GIGTFLHYK	=	390.92879867
KAFNHASVK	=	422.82933467
KVKPYALINK	<	500.00000000
KVFPYALIKK	<	500.00000000
ALVVAQLLR	=	546.61037200
TLTCYIKAR	=	570.00984800
GFQYSPGQR	=	626.21591900
SADASTFLK	=	631.48838400
TLGFGAYMSK	=	947.87523900
YLLPRRGPR	=	960.25263200
ATSRTLSYYK	=	1077.03328733
AFTFSPTYK	=	1213.84881500
HITAEAAGR	=	1331.04129400
DLGVRVCEK	=	1396.33075300
LLREEVSFR	=	1827.99762000
TFHQTLQDPR	=	2020.82855600
ASCLHQSPVR	=	2204.97472900
FLVQAWKSKK	=	2836.53359000
RRAARAEYL	=	3184.19964500
KVTKYLPLDK	=	3621.19197500
PLDLPPIIQR	=	4187.18754900
PIPSSWAFGK	=	5161.14821900
LLLLYQTFGR	=	5654.26691500
PSVPSHLPDR	=	6121.11415700
PSDFFPSVR	=	7569.77274400
ATNNVFRLK	=	8200.59282400
LLFLLLADAR	=	8668.30175400
RTPSPRRRR	=	8896.35330200
CFARSRSGA	=	16856.38179150
LAALFMYYAK	=	18075.28265300
YHSNVKEL	=	18806.16664000
ELTPAETTVR	=	19972.06277900
ALNPADDPSR	=	20614.05782100
IITSLTGRDK	=	37355.33688900
EFLVQAWKSK	=	37678.12437900
PASTNRQSGR	=	39163.36378900
PVGSSLQSK	=	39186.65452050
PLYACIQSK	=	41605.82109800
NIHLHQDIIK	=	42682.60765000
RVRGLYFPA	=	45128.20512900
LLLYQTFGRK	=	51287.76867000
ETFGFEIQSY	=	56591.93243000
VTKYLPLDK	=	67372.15368750
PIHTAELLAA	>	69841.00000000
SIRAGFHPTA	>	69841.00000000
GTSFVYVPSA	>	69841.00000000
GIHLNPNKTK	>	69841.00000000
SGPSNTYPEI	>	69841.26984000
FTFSPTYKA	>	77876.00000000
AQGYKVLVL	>	77876.00000000
PINRPIDWK	>	77876.00000000
SVRDLLDTA	>	77876.00000000
YVQMALMKL	>	77876.00000000
GLLGWSPQA	>	77876.00000000
MALMKLAAL	>	77876.00000000
IFSRIGDPA	>	77876.00000000
GVWIRTPPA	>	77876.00000000
YLPLDKGIK	>	77876.00000000
AASCGGAVF	>	77876.00000000
TRPPLGNWF	>	77876.00000000
TSFVYVPSA	>	77876.00000000
FPYSTFPII	>	77876.10620000
GLYSSTVPV	>	77876.10620000
KAGQYVTIW	>	77876.10620000
YEFLQPILL	>	77876.10620000
KTKDYVNGL	>	77876.10620000
FPFKYAAAF	>	77876.10620000
YVADALAAF	>	77876.10620000
KMLTFDVFR	=	77900.00000000
VGNVYVKF	>	87128.71287000
