RMYVGGVEHR	=	1.51891300
CFRKLPINR	=	6.50890100
LLRICALAR	=	8.61491700
VFFCFAWYLK	=	10.37850100
PLTVNEKRR	=	15.21378700
HISCLTFGR	=	24.39339400
SMRYQSLIPR	=	27.42406600
QMWKCLIRLK	=	86.10265800
KLTPIAAAGR	=	88.43021900
IIMRCWLCWK	=	140.20906067
LIEANLLWR	=	154.70173200
VVDFSQFSR	=	158.94371900
LLDTASALYR	=	163.47328500
PLSYQHFRR	=	181.53790900
DIYHSVSHAR	=	192.47258800
HLVNHYFQTR	=	196.17924100
VTFQGKFKK	=	197.74352467
CIPSRSKMLK	=	216.67837267
SSKGLACYR	=	225.70781733
LIMPARFYPK	=	262.21456200
QTMLFTMLR	=	464.28417000
YVFPVIFSR	=	486.29951300
KFFPYALINK	<	500.00000000
KVFPYALINA	<	500.00000000
KVFPKALINK	<	500.00000000
PIDWKVCQR	=	573.24714300
RMATMLEYVR	=	679.19873133
LFLLLADAR	=	710.25946700
FLWEWASAR	=	772.03319400
HLIFCHSKKK	=	844.68802300
RLADEGLNR	=	850.87861800
SLTPPHSAK	=	949.42804900
LFNWAVRTK	=	951.36159200
TSSTCMMCYK	=	1100.35825467
GMMLAEQFK	=	1168.45386900
MQTMLFTMLR	=	1209.96404133
KVMFVIRFK	=	1314.35150500
LLRICALARK	=	1341.85457700
QAFTFSPTYK	=	1367.96632800
YLVSFGVWIR	=	1968.41825400
LVSFGVWIR	=	2016.32060600
MSRGYFEHMK	=	2631.51469533
SSMTIREFPR	=	2657.55116733
NLYPVARQR	=	2816.90848000
SVPSHLPDR	=	2878.36461700
RLADEGLNRR	=	3590.66087700
VVSTGYHFR	=	3721.77695800
RSQSPRRRR	=	3817.92907600
FASPLHVAWR	=	3851.12421100
LLLLLALPQR	=	3954.37449500
KVFPYALINN	>	5000.00000000
AFYHLPLHPA	=	5171.64450800
NTNMGLKFR	=	5558.42933900
FAYVMNIER	=	5787.14406133
EIIFLKLFKK	=	6929.60015333
FLPSDYFPSV	=	7341.50530600
NITRVESENK	=	10469.05626150
HLPDRVHFA	=	11143.61596100
PSRGRLGLSR	=	11567.47770000
LIVFPDLGVR	=	12087.05567200
LVMGHQRMR	=	13344.30492800
ILAEYIRHR	=	13892.73057400
HFASPLHVA	=	14069.10909850
KFLWEWASA	=	14360.36761900
GSSLQSKHR	=	15759.27593050
TLPETTVVR	=	16295.60216200
YVNTNMGLK	=	20821.76926900
AYISSEATTPV	=	21385.94976000
QSQQGHLARR	=	35330.25545150
SEIDLILGY	=	36080.42449000
YTAVVPLVY	>	41438.00000000
STTSTGPCR	=	47823.23388100
ASTNRQSGR	=	49212.97870000
GSSGLSRYVA	>	69841.00000000
SIFSRIGDPA	>	69841.00000000
PSVRDLLDTA	>	69841.00000000
FFPDHQLDPA	>	69841.00000000
GVNLEDPASR	>	69841.00000000
LLLAILGPL	>	70393.00000000
GSGHTTNFA	>	77800.00000000
PIHTAELLA	>	77876.00000000
PVRKAAYPA	>	77876.00000000
TILGIGTVL	>	77876.00000000
TASALYREA	>	77876.00000000
PLRNTHPQA	>	77876.00000000
YTGDFGSVI	>	77876.00000000
PADDPSRGR	>	77876.00000000
VPHPNIEEV	>	77876.00000000
DHQAAFQYI	>	77876.10620000
ERYFRIHSL	>	77876.10620000
