HLMGWDYPK	=	0.63600000
MFAPTLWAR	=	1.51695200
HFFSVLIAR	<	2.00000000
WLAGLFYQHK	<	2.00000000
RLGLSRPLLR	=	5.35231600
KFGYGAKDVR	=	9.97943800
SLTVTQLLR	=	11.70966800
KMALYDVVSK	=	33.69601900
TLLCPTDCFR	=	34.79737400
ILRKSRRFAR	=	38.73282500
WLLSPRGSR	=	82.22489500
AQIDNYNKF	=	100.03404400
SLGIHLNPNK	=	118.93444000
RIVGPRTCR	=	158.14356500
LLCPTDCFR	=	187.79960800
HTYHLENDK	=	199.93329067
LVVDFSQFSR	=	240.45464700
LSSKGLACYR	=	272.73709200
LIFCHSKKK	=	313.55479000
GIPFVSCQR	=	356.14006300
AVAVHDFFK	=	473.95051533
KVFPYALINF	<	500.00000000
KLFPYALINK	<	500.00000000
DVFPYALINK	<	500.00000000
KVFPYALKNK	<	500.00000000
KVFPYKLINK	<	500.00000000
STCMMCYKR	=	550.71515933
MIKNLTQLFK	=	618.89727333
QAGFFLLTR	=	879.61898300
LLVGSSGLSR	=	917.97632800
FSQFSRGNYR	=	924.29089500
LVGSSGLSR	=	925.28762900
AVLDRDGNFR	=	998.19083933
ELDGVRLHR	=	1176.29189900
FRYNGLIHR	=	1238.12732100
IILSKIPYLR	=	1357.25830600
MSYYCKSHK	=	1456.68953600
TIQRFSSLR	=	1483.05514267
HIRIPRTPSR	=	1662.52010000
SLPQEHIIQK	=	1842.66398400
TLPQDAVSR	=	1936.74525800
MSAPPAEYK	=	2642.29129600
PIDTTIMAK	=	3661.92967800
PITYSTYGK	=	3846.71271300
TVPVFNPHWK	=	3862.95437900
FLVQAWKSK	=	4503.63075700
KVFPYALIND	>	5000.00000000
PTPLSPPLR	=	5452.72595800
FMSHVKSVTK	=	5906.75998467
PTYKAFLCK	=	7085.40363200
VVRRRGRSPR	=	7666.56985600
GSSLQSKHRK	=	7932.85489700
SLQSKHRKSR	=	9396.45946800
STLPETTVVR	=	11178.86034750
TLPETTVVRR	=	11233.85134000
SSLQSKHRK	=	11682.53513750
PLVAEEDER	=	12058.34364100
NIQKITVFNK	=	13327.12373300
IRFPKTFGY	=	13623.20511000
ETKITFALK	=	16373.94625467
TSFPWLLGCA	=	18852.15635100
TVWEVQGYK	=	20779.87302767
LLGPADGMVSK	=	26330.78832900
MLAEQFKQK	=	29168.37555150
EFFTELDGVR	=	31516.32829800
TTVVRRRGR	=	33234.29681200
IVGLLGFAA	=	35498.01435050
ASPLHVAWR	=	36642.36586950
NSARSQSER	=	38116.11284150
ALPPRAYAM	=	45256.56909850
RIVGLLGFA	=	50928.42767750
VTGGVFLVDK	=	51031.00198800
IMPARFYPK	=	52037.20110800
QTLQDPRVR	=	54133.60589050
SFPWLLGCA	=	67710.33947200
QTLPANPPPA	>	69841.00000000
FSAPLPIHTA	>	69841.00000000
PLEEELPRLA	>	69841.00000000
SAICSVVRRA	>	69841.00000000
LVDKNPHNTA	>	69841.00000000
CLHQSPVRKA	>	69841.00000000
ATPYDINQML	>	69841.26984000
RLLLLDDEA	>	77876.00000000
TVNPVLTTA	>	77876.00000000
TTNFASKSA	>	77876.00000000
YACIQSKQA	>	77876.00000000
YMDDVVLGA	>	77876.00000000
SEAAYAKKI	>	77876.10620000
AYIDNYNKV	>	77876.10620000
YRHDGGNVL	>	77876.10620000
RPPLGNWF	>	87128.00000000
GDYKLVEI	>	87128.71287000
