FFCFAWYLK	=	1.03658900
CFAWYLKGR	=	1.38235800
RLHRFAPPCK	=	1.57489800
KVAGFAKFLK	=	2.50906133
GINAVAYYR	=	2.75201500
KVFPYALINK	=	6.90268875
ALTLSPYYKR	=	8.08822800
SLLKVPYFVR	=	9.31726000
YFVRVQGLLR	=	9.89137600
RLGVRATRK	=	21.58597700
CIITSLTGR	=	38.42719300
KFNSSGCPER	=	58.50413000
PLRAWRHRAR	=	64.08416200
FVASFRLFAR	=	100.11320067
SLNSMYTRLR	=	105.21470200
ILSKIPYLR	=	140.73787400
TTYMDTFFR	=	159.00924133
HLARRQQGR	=	207.39869900
LLKVPYFVR	=	209.19330800
MMLAEQFKQK	=	223.99772600
KVFKYALINK	<	500.00000000
KDFPYALINK	<	500.00000000
KKFPYALINK	<	500.00000000
KVFPYALINL	<	500.00000000
KVFPYAKINK	<	500.00000000
PFVSCQRGYR	=	615.44455000
EINRVAACLR	=	651.99377300
RRDYRRGL	=	778.58340900
LLLLALPQR	=	782.27655500
HITAEAAGRR	=	830.44083600
AIGSVGLGK	=	1006.66663900
ATFSVPMEK	=	1013.28526067
STNLCTHSFR	=	1021.10342933
RAGFHPTARR	=	1074.36425200
LSWLSLDVSA	=	1315.05480400
TIEILRNYLR	=	1600.01544467
FTSAICSVVR	=	1719.89668300
FMTLVPVLEK	=	1722.43552600
YMDDVVLGAK	=	2113.38009200
TINYTIFKVR	=	2174.83057000
MSLYMAISPK	=	2382.29182333
HLHAPTGSGK	=	2463.26645000
NLVYSTTSR	=	2535.36765700
SICSTMTNR	=	3201.31595867
ASMGFKVTTR	=	3260.88988467
LAACFARSR	=	3833.59845800
DFKTWLKAK	=	4164.70640700
TVSLAGSYR	=	4419.76616200
ELIEANLLWR	=	4531.61424600
LLYQTFGRK	=	5441.17080000
QIYPGIKVR	=	5493.76560900
PITAYAQQTR	=	6169.27884900
HSNLTETFR	=	7209.06176000
CAEHGEHHIR	=	8980.05936600
PLLREEVSFR	=	9028.81858900
VARLSSNSR	=	14472.99907050
PLEVIKGGR	=	15092.85723100
RILHNFAYSL	=	15200.88563000
SFPWLLGCAA	=	18667.62835850
VINAPIKEFK	=	26800.24980733
YLPTQQDVL	=	33717.96004000
RIVGLLGFAA	=	34784.16028800
PFLLAQFTSA	=	34795.65767950
MVSDTIMKR	=	37519.19013933
CIPIPSSWA	=	43900.24030050
ATSSFREKSR	=	53110.82626600
LADEGLNRR	=	55465.90170050
AVFIHNFKRK	=	57794.76312200
GLQSQQGHLA	>	69841.00000000
PTTGRTSLYA	>	69841.00000000
AVQNEITLTH	>	69841.00000000
NLLEDWGPCA	>	69841.00000000
WVGVNLEDPA	>	69841.00000000
AFTFSPTYKA	>	69841.00000000
RGPYRAFVTI	>	69841.26984000
FVGLALLTL	>	77876.00000000
FLLAQFTSA	>	77876.00000000
AICSVVRRA	>	77876.00000000
SSGLSRYVA	>	77876.00000000
GLCQVFADA	>	77876.00000000
TLPANPPPA	>	77876.00000000
VQNEITLTH	>	77876.00000000
YVPSALNPA	>	77876.00000000
FVNYNFTLV	>	77876.10620000
SDYLELDTI	>	77876.10620000
GSVNVVYTF	>	77876.10620000
YQAVVPLVY	>	77876.10620000
ERYFRINSL	>	77876.10620000
YVIKVSARV	>	77876.10620000
YTGDFDSVI	>	77876.10620000
MSHVKSVTK	=	77900.00000000
