KFYGPFVDR	=	1.34220500
RLPFRPTTGR	=	5.00831700
WMNSTGFTK	=	8.68697400
KFLWEWASAR	=	8.72548800
SAQCFKMFYK	=	12.81386200
TLWKAGILYK	=	15.34079200
WIRTPPAYR	=	18.52158000
LFRAAVCTR	=	20.31564100
VFPCWWLQFR	=	45.75195900
KIMEIVSHLR	=	56.01392000
LLCPTDCFRK	=	68.56781700
STCFKLMLK	=	166.30045133
YIKARAACR	=	171.45586000
CIFAFIDFSK	=	189.88353533
YLNLYPVAR	=	205.08956800
GTSTDVVYR	=	292.98491000
ALFMYYAKR	=	294.90614933
SMYPSCCCTK	=	335.94207867
WICEVLSDFK	=	338.66241100
GTDNSVVLSR	=	351.05404300
YLFNWAVRTK	=	385.24233400
KSINKVYGK	=	429.55559200
KAFPYALINK	<	500.00000000
KNFPYALINK	<	500.00000000
KVFPYALINR	<	500.00000000
PMGFSYDTR	=	575.25301500
SAGFSLWIYK	=	631.24718333
TIQRFSSLRR	=	664.90491067
CLHQSPVRK	=	688.72564000
MVMCGGSLY	=	762.86658200
LLLYQTFGR	=	770.22990700
TSAICSVVRR	=	777.28790600
TSAICSVVR	=	954.44674200
IVFNLPVSK	=	996.58811300
YSHPIILGFR	=	1087.75635100
AVYGNIKHK	=	1195.73708800
ASPLSSIFSR	=	1389.64829000
YVFPVIFSK	=	1750.46621100
ATSTGNYNYK	=	2182.70428733
IIFLKLFKK	=	2220.80853933
SSGLSRYVAR	=	2340.04983300
SAICSVVRR	=	2512.82439300
FFTELDGVR	=	2906.41413500
LLAACFARSR	=	3460.24217900
LVNHYFQTR	=	3695.07397100
IIQKIKECFR	=	3720.94021100
SAKTKISVEK	=	5447.69407000
QSQQGHLAR	=	5829.32444300
VMHINSPFK	=	6231.84862600
KRLRPGGKK	=	6296.59495100
RRLRPGGKK	=	7068.85685800
IIKLPTLFGR	=	8411.11977467
ISLNSMYTR	=	8442.78108800
HLHQDIIKK	=	8509.98564100
FVGPLTVNEK	=	9076.28844900
EIIFLKLFK	=	9148.32043400
AYIDNYNKF	=	9512.49314800
YVARLSSNSR	=	11077.19655750
PARFYPKVTK	=	11589.92280200
KFNPMKTYI	=	13507.32667000
NVSIPWTHK	=	13759.89732150
FLGPLLVLQA	=	21058.35722800
AQFSPQYL	=	22203.18686000
GLVMGHQRMR	=	27127.95235950
LVKSSFVKK	=	32297.49469167
APRTLVYLL	>	41438.00000000
SSTTSTGPCR	=	42513.56557900
SADNHPKMIK	=	54282.98397967
IPQSLDSYWTSL	>	58278.14570000
ISDSNPYLTQW	>	63768.11594000
EFHNLPPNSA	>	69841.00000000
GTVNPVLTTA	>	69841.00000000
TAELLAACFA	>	69841.00000000
GVGLSPFLLA	>	69841.00000000
AFGKFLWEWA	>	69841.00000000
HTTNFASKSA	>	69841.00000000
KCDELAAKL	>	77876.00000000
RLQLIMPAR	>	77876.00000000
SAPLPIHTA	>	77876.00000000
WLSLDVSAA	>	77876.00000000
YAAQGYKVL	>	77876.00000000
TTGRTSLYA	>	77876.00000000
PFTQCGYPA	>	77876.00000000
LLEDWGPCA	>	77876.00000000
FLRGRAYGI	>	77876.10620000
AEFKYIAAV	>	77876.10620000
RISGVDRYY	>	77876.10620000
MTNRQFHQK	=	77900.00000000
STCYVFGLY	=	77900.00000000
RGYVFQGL	>	87128.71287000
