KSFLWTQSL	=	3.00000000
YSFSRAYTL	=	3.00000000
FAMTVPLLI	=	4.00000000
YARRYFYPL	=	11.00000000
KTIPVAMTL	=	15.24596669
FTFDNSKFV	=	17.00000000
MAVGVVLAL	=	19.00000000
YIYGIPLSL	=	22.00000000
SSIIKTFVV	=	28.00000000
MTTEDMLEV	=	30.00000000
RAMRMVYYL	=	34.00000000
MTSERTLAV	=	35.00000000
RTHEESLRL	=	41.06193443
MSNEGSYFF	=	56.24889378
YAYEPGSVM	=	59.50000000
RSFRIHILF	=	85.00000000
ASSAFSGLF	=	97.00000000
ILMEHIHKL	=	239.24973905
KSLQTTRRF	=	266.00000000
IVIEAIHTV	=	341.24981700
RSCPRLTIL	=	355.00000000
ISCQIYNAL	=	385.24983785
IVLSHILPL	=	414.00000000
KTNDRKWCF	=	849.24992645
RGRAATMAL	=	873.00000000
RVKQHMASM	=	886.00000000
LSILPFFIV	=	898.00000000
RMMETWHPL	=	1587.50000000
MSWGWRLPF	=	1718.00000000
RMLPKLAEF	=	2050.00000000
RAIREYFQF	=	2132.24997050
YSRPWNWTF	=	2847.50000000
RVIGYILFF	=	3067.00000000
MVFQHFHLF	=	3389.24998150
GTFEFTSFF	=	3661.24998300
ITASKDLCF	=	3849.24998400
RYVGLYLPF	=	20000.00000000
RRNRKALWL	=	20000.00000000
RYFTVAFLF	=	20000.00000000
TTHHTIPLL	=	20000.00000000
MWHVTRGAF	=	20000.00000000
MMMSTAVAF	=	20000.00000000
MMHASTSPF	=	20000.00000000
MLYPRVWPY	=	20000.00000000
LWFRNHFVF	=	20000.00000000
LAIEATLAF	=	20000.00000000
YLISIFLHL	=	20000.00000000
YMKPGSSPL	=	20000.00000000
GLADAFILL	=	20000.00000000
FTTNIWMKF	=	20000.00000000
