RVYEALYYV	=	7.00000000
FSYNVAYAI	=	12.00000000
VAIDRPAEV	=	14.00000000
KSFGRISVL	=	17.00000000
FTSSFYNYV	=	17.55431786
YTYGAGSYF	=	21.00000000
YTNYPFLFF	=	22.28716911
RAYWIHLMM	=	28.00000000
TINDLKMML	=	43.24856317
RAMACSALI	=	52.00000000
ITNPFFYQM	=	56.00000000
KTNRTGLLM	=	72.00000000
YTMDGEYRL	=	85.24926900
AIHPFALLL	=	89.82803169
TSYPTAVQF	=	106.24941315
KTINALVYF	=	130.00000000
RVMAIFMAL	=	143.55143640
TTVDHMAII	=	170.00000000
RIHDIAVQL	=	196.00000000
VAANIVLTV	=	196.00000000
KTADVTVVF	=	253.00000000
ITPTIYLLL	=	396.00000000
YMLDMTFPV	=	407.00000000
KIISEIGQL	=	558.24988810
KIFLHFSIL	=	919.00000000
FYFNWNTPI	=	1060.00000000
RIIYIIRFL	=	1246.73259250
RFFKHFMSL	=	1433.36026200
YMKERFTVL	=	1501.50000000
RMMGVKYLM	=	2082.00000000
YSLAGSSPF	=	2382.00000000
SYIRYFTVF	=	2744.50000000
VTNRHEEKF	=	4267.00000000
YIIPCILIL	=	14277.21861950
TSDEIYMTF	=	20000.00000000
RYMYIYLFI	=	20000.00000000
KWYKYPWRF	=	20000.00000000
YIKIFIMIV	=	20000.00000000
VTNDGVIFF	=	20000.00000000
FMRFAFLSM	=	20000.00000000
KSLVQYIKF	=	20000.00000000
YLREHIRAM	=	20000.00000000
KLTEEIIKL	=	20000.00000000
KMIDGIGRF	=	20000.00000000
FTARIIIFS	=	20000.00000000
GGRAHRMAL	=	20000.00000000
SMFERDFHF	=	20000.00000000
KVHLTPAQL	=	20000.00000000
YLARYSGSM	=	20000.00000000
YTASVVAAY	=	20000.00000000
