RIYKRSLKL	=	7.00000000
YTIEGIAFM	=	9.00000000
ISNQEPLKL	=	9.24341649
SSDDFALIV	=	12.00000000
LSYGPAFIV	=	14.00000000
KSAQVPLPL	=	17.00000000
RIFPATHYV	=	17.16350148
YLNAVSLCI	=	24.00000000
RMIAISAKV	=	25.00000000
RVIDPRRCL	=	32.00000000
RNQPAATAL	=	36.00000000
RARLVALAV	=	36.00000000
KAAETYHVF	=	36.24828759
FVFGIPLLV	=	41.50000000
KAFQDVLYV	=	42.00000000
KAVETPILV	=	51.00000000
KLMPGSIYV	=	65.88091506
KARNIISPV	=	88.00000000
TTADHMHML	=	109.00000000
LQIPFAMQM	=	110.00000000
KSVGVERTM	=	147.00000000
RTVSVMFFI	=	155.00000000
YVIRDLAAM	=	274.00000000
RAFSLYMTL	=	395.58855290
RMYSPVSIL	=	686.00000000
NAFHHPSAV	=	695.00000000
YVFAIPLPF	=	1080.50000000
KAAGAAVAL	=	1770.50000000
FVHSGFIYF	=	1834.24996600
FQMGGIGPM	=	2181.50000000
TVCGGIMFL	=	2469.00000000
FMSSFYNYV	=	2828.00000000
YLRNAGAAM	=	3593.50000000
RYRQVLSPL	=	4257.00000000
LAFGRTGYV	=	4375.00000000
HMMAVTLFY	=	4722.00000000
AMLNGLIYV	=	5735.00000000
VSFICTTIL	=	10961.00000000
RTRAGRHAF	=	20000.00000000
RYPGVMYAF	=	20000.00000000
RYYLSFFHI	=	20000.00000000
SWLYNYFVF	=	20000.00000000
WMYYPRSPV	=	20000.00000000
YYKKTFSAL	=	20000.00000000
WMACHSAAF	=	20000.00000000
SFLHWFHHL	=	20000.00000000
YVRTNGASY	=	20000.00000000
KRMMIRYCL	=	20000.00000000
YLRKHIRAL	=	20000.00000000
YPYSSSARF	=	20000.00000000
KSRRFTVRF	=	20000.00000000
GLYEFTILV	=	20000.00000000
