YSTVRDLFL	=	3.00000000
YVTPRALEL	=	4.00000000
VTGCASLYV	=	6.00000000
RSRLVSLAL	=	6.00000000
RTFGQPLFF	=	6.56201920
YTYSKVLGV	=	7.00000000
KSIPADLVF	=	12.00000000
YSLEYFQFV	=	13.00000000
KTIECSKEL	=	15.00000000
RMMGKTNPL	=	16.00000000
RVYAHVRSV	=	17.00000000
RIAGRHMAV	=	20.00000000
LTVKHMANV	=	22.00000000
YMRERFEPM	=	70.50000000
RVLTARKTV	=	71.10555534
HSNSEYLMF	=	93.24933155
RTLDKVLEV	=	102.00000000
RTWFYRTEF	=	127.00000000
KSNEKNMDF	=	150.24958470
KSAQFPFHF	=	241.24974120
LTIVFVPEV	=	298.00000000
YMNGTMSQV	=	372.50000000
TVADVRHCL	=	495.24987385
YLIPFIWFV	=	1372.00000000
FQWWRSHPL	=	1396.50000000
TNFEFFGKL	=	1596.00000000
VTFWGFWLF	=	1720.00000000
YTIYGAWMF	=	1731.00000000
YVYFYDLSY	=	1775.50000000
YMYRVWSPL	=	1897.00000000
KINIFMAFL	=	1911.00000000
YPYQLMLSL	=	2000.00000000
RATSHVPEF	=	2008.00000000
TTLSIYFLL	=	3662.00000000
YVIKKSSPL	=	3949.00000000
RMFKRVFNM	=	4836.00000000
YLAGAGLAF	=	20000.00000000
RWFVRNPFF	=	20000.00000000
RYPRSVLTF	=	20000.00000000
RWLPLVSLF	=	20000.00000000
MMAKSNSPF	=	20000.00000000
VTTPARTAF	=	20000.00000000
WMRWGGWPF	=	20000.00000000
YQLEMYHPI	=	20000.00000000
YWMGGTTYF	=	20000.00000000
RFNNLTVYF	=	20000.00000000
RRFKYLLNV	=	20000.00000000
YTPEQWWPF	=	20000.00000000
RMMATKDSF	=	20000.00000000
RLGAVILFV	=	41678.00000000
