SIIGRLLEV	=	2.00000000
FAYKTGSSM	=	4.00000000
YIMKLHHLV	=	7.00000000
RVMVSPLAV	=	8.00000000
ATIMNLLEI	=	9.00000000
RIHRHRQVV	=	10.00000000
KSYEHQTPF	=	11.00000000
RMNAVSTIL	=	13.00000000
RAMKALSSI	=	17.00000000
KSNKIRGRM	=	26.00000000
FTASVSTVV	=	36.00000000
KISYYIPYV	=	38.00000000
KAFPSNMMV	=	42.00000000
KTWGQYWQV	=	49.00000000
FATPAFFLI	=	51.00000000
SVIDHIHYM	=	95.00000000
KISNTTFEV	=	135.00000000
RVFKETLFL	=	153.00000000
WALDVPMYF	=	179.50000000
MYYPAQLYL	=	298.50000000
KSFFLMSAM	=	365.00000000
YALPSAGAF	=	386.50000000
VSTAIAALF	=	450.00000000
RLMPDFWEF	=	708.00000000
RTQAVIYAF	=	1400.24995550
RQNAAIEAL	=	1649.24996200
AMLHWSLIL	=	1716.00000000
YIISTHYQF	=	1936.00000000
RLARAIIEL	=	2417.00000000
KMIGNLLSF	=	2555.00000000
YLYLRPYAL	=	3051.50000000
VSARIAALF	=	3139.00000000
YMIGYTAYY	=	4017.00000000
YTKKYLLSF	=	4997.00000000
SVFTGLLPF	=	12316.00000000
MAMPEYWQF	=	20000.00000000
RVLDCRTAF	=	20000.00000000
TTTDGYAHV	=	20000.00000000
SFIPIFYQF	=	20000.00000000
WWLEYTASF	=	20000.00000000
SMFDSWGPF	=	20000.00000000
AKIEAPLLL	=	20000.00000000
KLFTHDIML	=	20000.00000000
YMRERLSDF	=	20000.00000000
RQHPGLFPF	=	20000.00000000
YYGRWVHEF	=	20000.00000000
LMAFSTGPF	=	20000.00000000
YMYDFILRF	=	20000.00000000
IVRQGIRQL	=	20000.00000000
YRYCHQLAL	=	20000.00000000
