VQYMDDILI	=	5.34000000
VDFLEENI	=	19.20000000
TALLEEAQI	=	137.00000000
GDAYFSIPL	=	388.00000000
LDRFGLAESLL	=	530.00000000
NAAISDYDYY	=	656.00000000
IEYIHFLI	=	766.00000000
LDSLRDLI	=	927.00000000
QEDEEHYL	=	1660.00000000
LDIYLEKEEGI	=	1860.00000000
IEYIHFLIRQL	=	2250.00000000
FSNRVYEALY	=	2420.00000000
LDIGDAYFSI	=	2680.00000000
VDFLEENITAL	=	3130.00000000
TDLEHDRVVL	=	4630.00000000
YSLVFVILM	>	5000.00000000
TTDADVFWI	>	5000.00000000
EDEEHYLM	=	5180.00000000
GARVIWMDAY	=	10500.00000000
MVSPLAVTWW	=	10900.00000000
PGMMMGMFNM	=	15900.00000000
PIYKRGDM	=	20900.00000000
RTIILVGYM	=	24700.00000000
CDLDPQARVAI	=	27600.00000000
IDEEDDDL	=	28900.00000000
EDLLHLNSLF	=	28900.00000000
KTPVIVVPV	=	30067.00000000
TDVTPNYADIL	=	31100.00000000
NTYQWIIRNW	=	31400.00000000
NLPFQNIHPV	=	32100.00000000
TDYWQVTW	=	33100.00000000
ILGLNKIVRMY	=	33800.00000000
SWPDGAEL	=	39100.00000000
VLRTELTYL	=	41500.00000000
LDVVKRQQELL	=	42700.00000000
QEGSHLEVQGY	=	43500.00000000
WLFSNCRTL	=	43500.00000000
HTCMSECVRL	=	45800.00000000
GDYKLVEI	=	48095.00000000
IIGHIGHHYI	=	50000.00000000
NDTNYSGFM	=	51300.00000000
DELEKIRL	=	52100.00000000
ADWDLQHPQPA	=	52900.00000000
PDNGDYSEV	=	53100.00000000
DTNYSGFM	=	54000.00000000
LEGAGELIRIL	=	54000.00000000
EDEEHYLMHPA	=	55000.00000000
TDIKVVPRRKA	=	55100.00000000
LERWHSLIKYL	=	55100.00000000
PERLERWHSLI	=	55100.00000000
NDRPKQAWCW	=	57400.00000000
LDVKQGPKEPF	=	57400.00000000
TMMINPFM	=	58700.00000000
KDVWEQWWTDY	=	58700.00000000
IEGQPVEVL	=	59100.00000000
ITVLDIGDAYF	=	60000.00000000
MCNVYIPPY	=	60000.00000000
VDEQIQWM	=	61700.00000000
REQANSVETIV	=	62800.00000000
GTRAENRTYIY	=	64300.00000000
SSNKDPITVY	=	64300.00000000
WDVFGNWFDLA	=	64300.00000000
NETWQEWERKV	=	64300.00000000
IELPQRETWTV	=	64300.00000000
IEKYLKDQAQL	=	64300.00000000
EEGIIPDWQDY	=	64300.00000000
NSGEETIGEAF	=	64300.00000000
NTWHKVGKNVY	=	64300.00000000
YIPPYCTIAPV	=	64300.00000000
LTREMGFLV	=	65100.00000000
VVVKDDPDHY	=	65900.00000000
KEKIVALREI	=	67500.00000000
HTYHLENDKI	=	69200.00000000
HSTQIGGIRM	=	69200.00000000
GGWTGMIDGW	=	69200.00000000
DVQRTRCKYV	=	69200.00000000
DQHGRMNYYW	=	69200.00000000
DINAQQFANV	=	69200.00000000
NQLDSSNKSM	=	69200.00000000
ACADGTRHTY	=	69200.00000000
SQCQAIHNVV	=	69200.00000000
QTDCVLEAMA	=	69200.00000000
SAVYFKAKWL	=	69200.00000000
WSASACHDGM	=	69200.00000000
TSRYWEPEFY	=	69200.00000000
QLGKCNITGW	=	69200.00000000
KDQAQLNA	=	75000.00000000
RDNRRGLRMA	=	75000.00000000
LEGAGELIRI	=	75000.00000000
LDTGADDSIV	=	75000.00000000
HLMSDNPKA	=	77100.00000000
EIGNGCFEF	=	77100.00000000
IASMRRNYF	=	77100.00000000
TSSTCMMCY	=	77100.00000000
FDLASWIKY	=	79400.00000000
NEEAADWDL	=	79400.00000000
KDKNKWRM	=	81800.00000000
NETWYSADL	=	81800.00000000
KDGPKLKQW	=	84400.00000000
EELRKRLRLI	=	84400.00000000
RDIINEEAA	=	84400.00000000
PEDPAVDLL	=	84400.00000000
TDSGPKANII	=	84400.00000000
KEVTEDLL	=	87100.00000000
HSTYFPCF	=	87100.00000000
TIQRFSSL	=	87100.00000000
LDEEFRQY	=	87100.00000000
CNPLNPFV	=	87100.00000000
DDPWGEVL	=	87100.00000000
NGPVTSTV	=	87100.00000000
REVLRTEL	=	90000.00000000
LEENITAL	=	90000.00000000
EEFGSKSGL	=	90000.00000000
GETYGRLL	=	90000.00000000
EEELRKRL	=	90000.00000000
EEEVRRRL	=	90000.00000000
GEVLAWKF	=	90000.00000000
EDTGEAREV	=	90000.00000000
KDVWEQWW	=	93100.00000000
IDRIREQA	=	93100.00000000
EDPAVDLLKNY	=	100000.00000000
FDPTLAYTYEA	=	100000.00000000
NDTNYSGF	=	123000.00000000
CDKHYWDA	=	123000.00000000
TDTPLDLA	=	159000.00000000
EELKEEAL	=	159000.00000000
TDRGKDKVKVL	=	180000.00000000
IDRIREQANSV	=	180000.00000000
