SDYLELDTI	=	3.66000000
YDYHSSSEKL	=	9.08000000
VDFLEENIT	=	387.00000000
EAEYEENKI	=	389.00000000
GDYSEVAL	=	598.00000000
FSSRMYCSFY	=	1120.00000000
IDEEDDDLV	=	1580.00000000
LSVYGIYCTLY	=	1700.00000000
EGAGELIRI	=	1770.00000000
QDFTEVQL	=	1920.00000000
NPAEEREKL	=	2110.00000000
GDTLEGAGELI	=	2120.00000000
TWIPEWDFI	=	2350.00000000
WAANELDRF	=	2830.00000000
WDEWVVEVL	=	2860.00000000
GDYKLVEITPI	=	3060.00000000
IDWIDGNQTNI	=	3070.00000000
QTALFLLKL	=	6080.00000000
DEWVVEVLEEL	=	7000.00000000
EEFRQYTAFTL	=	7630.00000000
EDLLHLNSL	=	9340.00000000
MWSFNPETNI	=	10800.00000000
LELGDYKL	=	11200.00000000
WDVFGNWFDL	=	14500.00000000
AFKKATSIVL	=	14900.00000000
DLASWIKYI	=	16700.00000000
VDFLEENITA	=	17100.00000000
LDLAIQQLQNL	=	18800.00000000
LDILPNYF	=	19100.00000000
KNMYELQKL	=	20000.00000000
CTHLEGKII	=	22000.00000000
SLYNTVCVI	=	23700.00000000
TEDLLHLNSLF	=	25300.00000000
CDKHYWDAI	=	26400.00000000
VDRFYKSL	=	29000.00000000
QDFTEVQLGI	=	31800.00000000
VSSCTRMM	=	32900.00000000
VDSQYVMGII	=	34500.00000000
TQWSLFFFVY	=	40300.00000000
LLGLWVFAAL	=	40300.00000000
TTQCLPDNGDY	=	43500.00000000
VTWIPEWDF	=	45000.00000000
DEAQEDEEHYL	=	45700.00000000
CEKMEKDGQL	=	49900.00000000
DDSIVTGI	=	51100.00000000
LSSLSCEGQKY	=	52900.00000000
KEGCQKILSVL	=	52900.00000000
TCDWTNAGDY	=	54000.00000000
EEINREAVNHL	=	54000.00000000
REAVNHLPREL	=	54000.00000000
EEILSQLYRPL	=	55100.00000000
HEREEELRKRL	=	55100.00000000
SENLKSLYNTV	=	56200.00000000
NDIQKLVGV	=	56300.00000000
QEWERKVDFL	=	56900.00000000
CDKCHQKGEAI	=	58700.00000000
LDEEFRQYTAF	=	58700.00000000
SDRTDLEHDRV	=	58700.00000000
VVAIDYRHY	=	62800.00000000
TSSVDEQIQWM	=	64300.00000000
ETIVLMAVHCM	=	64300.00000000
QAIHNVVHAII	=	64300.00000000
REPWDEWVVEV	=	64300.00000000
TTNQQAELEAF	=	64300.00000000
KEKGGLEGIYY	=	64300.00000000
KEPFQSYVDRF	=	64300.00000000
GELLWKGEGAV	=	64300.00000000
LERFAVNPGLL	=	64300.00000000
TESFDAWNNTV	=	64300.00000000
IEPAQEEHDKY	=	64300.00000000
HSNVKELVFKF	=	64300.00000000
LTYLQYGWSYF	=	64300.00000000
HSIAYGSSQVL	=	64300.00000000
ISTPPLVRLVF	=	64300.00000000
AEPGKRYIYKV	=	64300.00000000
FDPTLAYTY	=	67500.00000000
IFKQSQEDML	=	69200.00000000
LMGHFSWWTA	=	69200.00000000
DNAFNCTFEY	=	69200.00000000
DAIKCMRTFF	=	69200.00000000
ASACHDGM	=	69200.00000000
CTSSTCMMCY	=	69200.00000000
LDEEFRQYTA	=	69200.00000000
EITPIGLAP	=	69200.00000000
VGISSMVEAM	=	69200.00000000
VEITPIGLAPT	=	69200.00000000
EITPIGLA	=	69200.00000000
MICCDSRIVV	=	69200.00000000
VASSNYNRRF	=	69200.00000000
PSYFQQTHI	=	69200.00000000
GDTLEGAGEL	=	75000.00000000
EEMIKKSEI	=	75000.00000000
KDPPFQWMGY	=	75000.00000000
REPSGSDI	=	77100.00000000
RLCAYCCNI	=	77100.00000000
AAMQIIRDI	=	77100.00000000
YSRVNHAKY	=	77100.00000000
AEALKEAL	=	77100.00000000
VEITPIGL	=	79600.00000000
IDGNQTNITM	=	81800.00000000
KDKNKWRML	=	84400.00000000
KDQAQLNAW	=	84400.00000000
EDTGEAREVA	=	84400.00000000
KELVFKFGL	=	84400.00000000
KSCLPACV	=	87100.00000000
RDIINEEA	=	87100.00000000
FSSPPSYF	=	87100.00000000
DLYTSMRL	=	87100.00000000
WTCSRVIF	=	87100.00000000
KDYGGGKEV	=	90000.00000000
EELRKRLRL	=	90000.00000000
TDSGPKANI	=	90000.00000000
LEKEEGII	=	90000.00000000
SEEEVRRRL	=	90000.00000000
WDDPWGEV	=	90000.00000000
GDLRQRLLRA	=	93100.00000000
TDRGKDKV	=	93100.00000000
TDNGANFA	=	93100.00000000
FDPRLLTA	=	93100.00000000
EETIGEAF	=	93100.00000000
MDDIDEEDDDL	=	100000.00000000
QDYTSGPGIRY	=	100000.00000000
YEENKIIL	=	108000.00000000
TDVTPNYA	=	159000.00000000
KDLQKVCY	=	159000.00000000
LERWHSLI	=	159000.00000000
KEEALKHF	=	159000.00000000
HDKYHSNVKEL	=	180000.00000000
