EDVVLVRI	=	14.20000000
IDDVTIKI	=	33.40000000
TDYWQVTWI	=	168.00000000
FDAWNNTV	=	398.00000000
ADELEKIRL	=	531.00000000
LTIEAIENYF	=	975.00000000
DIDEEDDDL	=	986.00000000
AMCNVYIPPY	=	2770.00000000
YLPLSVFII	>	5000.00000000
VDMVNETSSCI	=	5500.00000000
SLIANIDWI	=	5510.00000000
ADILLHSTYF	=	6390.00000000
KTSTLIFFV	=	6460.00000000
AEYEENKI	=	6610.00000000
WDFISTPPL	=	8540.00000000
GEEILSQL	=	10400.00000000
VDLLKNYM	=	10400.00000000
FDLASWIKYI	=	11700.00000000
AELEAFLMAL	=	12400.00000000
SESRLVNQI	=	13600.00000000
TLFYCDERDA	=	14200.00000000
AEYEENKIIL	=	14500.00000000
ADASTPESANL	=	14800.00000000
SESRLVNQII	=	17100.00000000
SDLGTWQM	=	17600.00000000
VEIEVLGKRI	=	18000.00000000
LEGAGELI	=	20300.00000000
GDHQAAMQI	=	20800.00000000
KEYKNVEIEVL	=	21000.00000000
GDLRQRLL	=	21700.00000000
GDHQAAMQII	=	22100.00000000
SETDRWGL	=	24400.00000000
WDVFGNWF	=	25200.00000000
GEFLYCKMNWF	=	29800.00000000
YELWPTKWKL	=	29900.00000000
NTCYCKKCCY	=	31400.00000000
CTPYDINQM	=	34200.00000000
IEDVWQLF	=	41900.00000000
GEAFEWLNRTV	=	43500.00000000
KDLQKVCYV	=	47700.00000000
ISHNFCNL	=	48200.00000000
PDPPTDTPL	=	51300.00000000
EDDDLVGV	=	51700.00000000
CDKHYWDAIRF	=	51900.00000000
GAFMYTKHSM	=	51900.00000000
HDEQGMSPSYV	=	54000.00000000
EELKEEALKHF	=	54000.00000000
VEKAVATAPGL	=	55100.00000000
PESANLGEEIL	=	55100.00000000
WDAIRFRYCA	=	57400.00000000
QEIDHLVSQGI	=	57400.00000000
AEVVPGFQAL	=	57400.00000000
LTPEKGWLSTY	=	57400.00000000
TESESRLVNQI	=	57400.00000000
RDTWGTTQCL	=	57400.00000000
KDPIEGEETYY	=	58700.00000000
EENITALL	=	58800.00000000
KDAIKEVKQTI	=	62800.00000000
RDIINEEAADW	=	64300.00000000
QSPKKTGMLEM	=	64300.00000000
ITMSAEVAELY	=	64300.00000000
RTMSYKLAIDM	=	64300.00000000
QEKNMYELQKL	=	64300.00000000
IEEKKFGAEVV	=	64300.00000000
CEGQKYNQGQY	=	64300.00000000
AEVAELYRLEL	=	64300.00000000
SSVDEQIQWMY	=	64300.00000000
YELQKLNSWDV	=	64300.00000000
PEKGWLSTYAV	=	64300.00000000
TETLAGAWGDL	=	67500.00000000
KAKQLCYCPA	=	69200.00000000
GDYSEVALN	=	69200.00000000
LVEITPIGL	=	69200.00000000
LVEITPIGLA	=	69200.00000000
KLRNWQWWRL	=	69200.00000000
KLRSSPPIPM	=	69200.00000000
EGQKYNQGQY	=	69200.00000000
RVRDNMTKKM	=	69200.00000000
SYVDRFYKSL	=	69200.00000000
TGMIDGWYGY	=	69200.00000000
TEDLLHLNSL	=	69200.00000000
VNPTLLFLKV	=	69200.00000000
DDSIVTGIEL	=	75000.00000000
PERLERWHSL	=	75000.00000000
LEAFLMAL	=	75000.00000000
KDKNKWRMLI	=	75000.00000000
NELDRFGL	=	75900.00000000
LVQYRILPM	=	77100.00000000
LEQTTNQQAEL	=	77100.00000000
REALQGGDRGF	=	77100.00000000
QEGKPLEATVI	=	77100.00000000
PEDPAVDL	=	77100.00000000
NMVYMPASW	=	77100.00000000
KEGCQKIL	=	77100.00000000
EEAADWDL	=	77100.00000000
IMQVFFGYF	=	77100.00000000
WIQYDKHCY	=	77100.00000000
MDCTHLEGKII	=	77600.00000000
GDPEVTFMW	=	79400.00000000
AENLWVTVY	=	79400.00000000
QEQMISCKF	=	81800.00000000
LDVVKRQQEL	=	81800.00000000
LENKEGCQKI	=	81800.00000000
QEWERKVDF	=	81800.00000000
WDLQHPQPA	=	84400.00000000
QETGRQTAL	=	84400.00000000
KDPIEGEETY	=	84400.00000000
EEELRKRLRL	=	84400.00000000
PESANLGEEI	=	84400.00000000
KELLNSIGF	=	84400.00000000
QTSTWFGF	=	87100.00000000
SSGRGGNY	=	87100.00000000
PDRQAGFL	=	87100.00000000
MNPNQKII	=	87100.00000000
KEKGGLEGI	=	90000.00000000
REEELRKRL	=	90000.00000000
LDKGLSSL	=	90000.00000000
DDPWGEVLA	=	90000.00000000
PEEFGSKSGL	=	93100.00000000
PDRQAGFLGL	=	93100.00000000
ADILLHSTY	=	100000.00000000
IDEEDDDLVGV	=	100000.00000000
FDPRLLTAL	=	100000.00000000
GEETIGEAF	=	100000.00000000
KEYKNVEI	=	108000.00000000
IEVLGKRI	=	108000.00000000
LEHDRVVL	=	108000.00000000
NDRPKQAW	=	123000.00000000
RDQLWKGPGEL	=	180000.00000000
