VDLIEHLL	=	6.29000000
SDFHERDTF	=	24.70000000
GELIRILQRAL	=	374.00000000
VNHLPRELI	=	499.00000000
RELNRVTQDF	=	754.00000000
LDLAIQQL	=	892.00000000
ADDSIVTGI	=	1040.00000000
DTICIGYHA	=	1330.00000000
LDRFGLAESL	=	3470.00000000
AEAEYEENKI	=	4010.00000000
LSPILAEEL	>	5000.00000000
SVPAAIMMI	>	5000.00000000
YDPVLMFLLF	>	5000.00000000
IEGQPVEVLL	=	5050.00000000
AEYEENKII	=	5170.00000000
FEWLNRTVEEI	=	6650.00000000
LTLDIFYLF	=	7980.00000000
EDVWQLFETSI	=	8550.00000000
YDINQMLNCV	=	8980.00000000
YGFVANFSM	=	9250.00000000
GDMTPAERL	=	9680.00000000
SSPLELFML	=	10193.00000000
CVDHPFIYVI	=	10400.00000000
TIKSNILM	=	11900.00000000
LSTYAVRITWY	=	12200.00000000
GMMMGMFNM	=	13400.00000000
WDDPWGEVL	=	13700.00000000
VDSQYVMGI	=	20500.00000000
HMLDMYSVM	=	22500.00000000
EETIGEAFEWL	=	22500.00000000
SQQPYLQL	=	24300.00000000
KTITTCYLM	=	24721.00000000
RQGLELTLL	=	28400.00000000
GDMTPAERLI	=	28800.00000000
EDPAVDLL	=	31100.00000000
MIIGHIGHHY	=	35500.00000000
ATKRYPGVMY	=	43500.00000000
WSMGKEAPQF	=	49100.00000000
TDTPLDLAI	=	49900.00000000
IAGGVCYYLL	=	52900.00000000
RQVLFLEKI	=	52900.00000000
EEALKHFDPRL	=	54000.00000000
EEELRKRLRLI	=	55100.00000000
HSTYFPCFTA	=	57400.00000000
PEWDFISTPPL	=	57400.00000000
KEVTEDLLHL	=	57400.00000000
TDRWGLTKSI	=	57400.00000000
EEDDDLVGVSV	=	58700.00000000
LLHSTYFPCF	=	58700.00000000
LEENITALL	=	59300.00000000
WDDPWGEVLAW	=	62800.00000000
PDCKLVLKGL	=	62800.00000000
VDRFYKSLRA	=	62800.00000000
LENKEGCQKIL	=	64300.00000000
LEPFRKANPDV	=	64300.00000000
QTGGFFRPWSM	=	64300.00000000
EEAKQIVQRHL	=	64300.00000000
SGVENPGGYCL	=	64300.00000000
NSKFKNFRVYY	=	64300.00000000
EEKFQKDPPF	=	67500.00000000
DEEFRQYTAF	=	67500.00000000
DDPWGEVLAW	=	67500.00000000
FGPVHFRNQV	=	69200.00000000
IMQVFFGYFA	=	69200.00000000
GDRGFAAPQF	=	69200.00000000
LVEITPIGLAP	=	69200.00000000
FTEEQQQSFM	=	69200.00000000
MLHNPTSETM	=	69200.00000000
MTGDTPINIF	=	69200.00000000
DQTHIKTIAV	=	69200.00000000
EGIIPDWQDY	=	69200.00000000
NSWDVFGNWF	=	69200.00000000
ALVCYIVMPV	=	69200.00000000
NSSWPWQIEY	=	69200.00000000
EITPIGLAPT	=	69200.00000000
VMMSAPPAEY	=	69200.00000000
RMKWMMAMKY	=	69200.00000000
ENPAHKSQLV	=	69200.00000000
METQTSTWFGF	=	69200.00000000
VEITPIGLAP	=	69200.00000000
TAGLTHMMIW	=	69200.00000000
VTYNCCDDDY	=	69200.00000000
IEEMIKKSEI	=	75000.00000000
GEQLLSCCRF	=	75000.00000000
QETGRQTALF	=	75000.00000000
NDIQKLVGVL	=	75000.00000000
GDPEVTFM	=	75000.00000000
AERLINMI	=	75000.00000000
QEDKILKVGKF	=	77100.00000000
PEEKFQKDPPF	=	77100.00000000
GGNQEIDHL	=	77100.00000000
EVVPGFQAL	=	77100.00000000
IELGPHYTPKI	=	77100.00000000
IPVGNIYRR	=	77100.00000000
SEGCTPYDI	=	79400.00000000
TDAAVKNWM	=	79400.00000000
PDNGDYSEVA	=	81800.00000000
PDVTLVQY	=	81800.00000000
PDPPTNTPEA	=	84400.00000000
VDEQIQWMY	=	84400.00000000
KEALAPVPI	=	84400.00000000
WDEWVVEV	=	84400.00000000
LDTGADDSI	=	84400.00000000
TDRGKDKVKV	=	84400.00000000
QTAAQRTM	=	87100.00000000
RTFSFQLI	=	87100.00000000
HSTQIGGI	=	87100.00000000
QSYVDRFY	=	87100.00000000
ITWYSKNF	=	87100.00000000
ETQTSTWF	=	87100.00000000
WTDVTPDY	=	87100.00000000
QESCDKHY	=	87100.00000000
DVTTFLSM	=	87100.00000000
DGLYNISL	=	87100.00000000
QEKNMYEL	=	90000.00000000
AERKQREAL	=	90000.00000000
AELYRLEL	=	93100.00000000
WERKVDFL	=	93100.00000000
KDPPFQWM	=	93100.00000000
DDIDEEDDDL	=	93100.00000000
SDIAGTTSSV	=	93100.00000000
RDNRRGLRM	=	100000.00000000
DDIDEEDDDLV	=	100000.00000000
KEGKAGYI	=	108000.00000000
AEPGKRYI	=	108000.00000000
GDTPINIF	=	108000.00000000
VEPVKVAL	=	108000.00000000
TDKINLTA	=	123000.00000000
