FLDSLRDLI	=	0.83600000
YDDRFIVKL	=	13.50000000
SGFIEAEVI	=	62.90000000
ADDIVEKL	=	71.80000000
IIPKIKAYL	=	302.00000000
TITYSSSMMW	=	783.00000000
EWSVATFYLF	=	833.00000000
TEQAIEDVWQL	=	1000.00000000
CSANNSHHYI	=	1500.00000000
SNIKTMMI	=	1900.00000000
IDFRELNRV	=	1970.00000000
TLLSRVYQI	=	2170.00000000
MVDVSMMSMY	=	2500.00000000
REVLRTELTYL	=	2770.00000000
IDHLVSQGI	=	4850.00000000
LSPETLVGV	>	5000.00000000
LTPEQKAYV	>	5000.00000000
LELWERGTL	=	5050.00000000
EDDDLVGVSV	=	7070.00000000
QTIVFIWFI	=	7181.50000000
QTVVILYSM	=	7985.00000000
ADASTPESA	=	8200.00000000
IGVTVIKNNM	=	8970.00000000
IDGNQTNI	=	9420.00000000
LDIGDAYF	=	9740.00000000
SVDAMIHKTY	=	10500.00000000
EQANSVETI	=	12800.00000000
VEAMNHHL	=	14200.00000000
YLEKEEGII	=	15400.00000000
AEVAELYRL	=	17100.00000000
GDLTCNSTV	=	18200.00000000
LELGDYKLVEI	=	26100.00000000
IAPIMFSNKM	=	31000.00000000
WVMDTLNGIM	=	33300.00000000
TDLEHDRV	=	33400.00000000
QDYTSGPGI	=	38700.00000000
QDNQWSYKI	=	40800.00000000
ILSPFLPL	=	41500.00000000
QLQPFPQPQL	=	43500.00000000
WEQWWTDYWQV	=	44300.00000000
YEAYVRYPEEF	=	44700.00000000
WEQWWTDY	=	45000.00000000
REQANSVETI	=	45500.00000000
WDDPWGEVLA	=	49600.00000000
PDNGDYSEVAL	=	51900.00000000
RDKKKEYNETW	=	51900.00000000
YIMRVMANNV	=	51900.00000000
MDCTHLEGKI	=	52100.00000000
REEELRKRLRL	=	52900.00000000
PDPPTDTPLDL	=	55100.00000000
PDPPTNTPEAL	=	55100.00000000
LESSNERSSCI	=	55100.00000000
GDYSEVALNV	=	57400.00000000
ADDSIVTGIEL	=	57800.00000000
HDRVVLQSKEL	=	58700.00000000
EDKILKVGKFA	=	58700.00000000
KDGPKLKQWPL	=	58700.00000000
DEWVVEVL	=	59100.00000000
QNPTMLYNKM	=	60000.00000000
TDLEHDRVV	=	60200.00000000
VTVAILYSM	=	60700.00000000
VDLLKNYMQL	=	61200.00000000
YTGNYQCGHY	=	62800.00000000
NDRPKQAWCWF	=	64300.00000000
REGDLTCNSTV	=	64300.00000000
LEEMLTACQGV	=	64300.00000000
ISLNKYYNLTM	=	64300.00000000
IEEMIKKSEIY	=	64300.00000000
EEMIKKSEIYV	=	64300.00000000
TSTTASAKVDM	=	64300.00000000
GETYGRLLGEV	=	64300.00000000
RESREKPYKEV	=	64300.00000000
PTGSENLKSLY	=	64300.00000000
QEEHDKYHSNV	=	64300.00000000
QQSTYQLLQEL	=	64300.00000000
QQSTYQLVQQL	=	64300.00000000
QSKELLNSIGF	=	64300.00000000
KEALAPVPIPF	=	64300.00000000
AELYRLELGDY	=	64300.00000000
SEVALNVTESF	=	65900.00000000
LEQEQMISCKF	=	65900.00000000
DDLVGVSV	=	66000.00000000
DDDLVGVSV	=	67500.00000000
HINDQKFDDV	=	69200.00000000
GINPNYLLSW	=	69200.00000000
GIADIRDKYM	=	69200.00000000
SAVTDRETDV	=	69200.00000000
RTDLEHDRV	=	69200.00000000
RQEMASRGLW	=	69200.00000000
RNWETVKIQW	=	69200.00000000
PGNSGEETI	=	69200.00000000
VEITPIGLA	=	69200.00000000
YVEHDPRLVA	=	69200.00000000
FETSIKPCVKL	=	69200.00000000
SVDVDIYDAV	=	69200.00000000
PSTEMSMRGV	=	69200.00000000
SIKMIYDLNA	=	69200.00000000
EDKILKVGKF	=	75000.00000000
KDGQLEEA	=	75000.00000000
TDVTPNYADI	=	75000.00000000
HDEQGMSPSY	=	75000.00000000
QETGRQTALFL	=	77100.00000000
LSCCRFPRA	=	77100.00000000
PTSIPLAYF	=	77100.00000000
MQVFFGYFA	=	77100.00000000
AEAEYEENKII	=	77100.00000000
CVDHPFIYV	=	77100.00000000
METQTSTWF	=	81800.00000000
RDNRTIISL	=	81800.00000000
WDFISTPPLV	=	84400.00000000
RETWTVNDI	=	84400.00000000
CDKCHQKGEA	=	84400.00000000
EEFRQYTAF	=	84400.00000000
KVVRVDKL	=	87100.00000000
TDAAVKNW	=	87100.00000000
SGPDDGAV	=	87100.00000000
QQSTYQLV	=	87100.00000000
MMINPFMI	=	87100.00000000
AENRTYIY	=	87100.00000000
LSEGCTPY	=	87100.00000000
WQTMYTNV	=	87100.00000000
PDVTLVQYM	=	90000.00000000
HDKYHSNV	=	93100.00000000
SDEAQEDEEHY	=	100000.00000000
EDGYSQSPGGL	=	100000.00000000
LEVQGYWHL	=	100000.00000000
LEELKEEAL	=	100000.00000000
WDAIRFRY	=	123000.00000000
MEEEKRWI	=	159000.00000000
TDSGPKANIIV	=	180000.00000000
