YMRERFEPM	=	0.65000000
SYMSTFPLF	=	0.70000000
FMYALSRAF	=	0.70000000
FMYEGDTPL	=	0.70000000
YMREVGAAL	=	0.70000000
TFMDHVLRY	=	0.80000000
SYIRYFTVF	=	1.00000000
MYYPAQLYL	=	1.00000000
AYQQGVKTL	=	1.00000000
RAYRNALSM	=	1.46666667
FMFDYIPPV	=	5.90000000
FLRKNQRAL	=	12.96666667
MRYFIGQPL	=	14.95000000
RYPGVMYAF	=	16.50000000
YMRERLSDF	=	18.00000000
KVYWAGIEF	=	18.00000000
YTIDLNDAF	=	23.40000000
YYGRWVHEF	=	25.00000000
YPKFHRSAM	=	26.93333333
ASMDNTSPM	=	36.46666667
WTFTPTTPL	=	38.83333333
YAMAIRQAI	=	42.86666667
YLAGAGLAF	=	46.00000000
KYAEAFQMV	=	68.24908758
YMLDMTFPV	=	76.00000000
WWLEYTASF	=	77.50000000
KYNSHHFTF	=	80.00000000
KYTHFFSGF	=	110.24943440
YVFAIPLPF	=	123.00000000
YARNFLIPF	=	138.93333333
AAAAFEAAL	=	166.00000000
VMAPRTLIL	=	208.36666667
YQSMIRPPY	=	225.00000000
ATYQRTRAL	=	246.00000000
RWLPLVSLF	=	399.00000000
RAMKALSSI	=	413.50000000
AAAQGQAPL	=	431.24985515
SVFTGLLPF	=	560.00000000
YFYYNAFHWAI	=	897.24993035
RQHPGLFPF	=	1115.50000000
KFIILLTSF	=	1228.00000000
KAVYNFATM	=	1327.24995300
RLMPDFWEF	=	1784.50000000
RYFTVAFLF	=	2143.00000000
AETLMAQPF	=	2308.24997300
AVSKNRRQL	=	3648.00000000
YMYDFILRF	=	4105.50000000
MVRVLTVIKEY	=	13566.00000000
YPDPVIKV	=	16853.00000000
RPPYSSYGY	=	20000.00000000
SLLERGQQLGV	=	20000.00000000
