TYLQSLASL	=	0.70000000
RYPRSVLTF	=	1.00000000
KYYLAYTSY	=	1.00000000
VFLPNTHNL	=	1.00000000
YMIGYTAYY	=	1.00000000
LMMNGTSAM	=	1.00000000
RRYTRRISL	=	1.40000000
KYQSPVNIF	=	3.23205081
YLRNAGAAM	=	3.86666667
YSLAGSSPF	=	6.46666667
MMWATAQAL	=	6.46666667
MMAKSNSPF	=	8.24264069
FPYEGGKVF	=	11.83333333
YTIEGIAFM	=	12.93333333
RYWYFAAEL	=	15.00000000
MPWLTTGPM	=	24.83333333
FVFAPTHGL	=	27.93333333
YLARYSGSM	=	30.00000000
WMACHSAAF	=	43.00000000
YTDKIAMSY	=	68.70000000
YTITSLFSL	=	99.20000000
RLPKDFVDL	=	112.36666667
FAYKTGSSM	=	114.50000000
AMMWRIAQL	=	118.24947255
AIIDYIAYM	=	129.00000000
KPFNNILNL	=	132.24952830
FIIDNFGSV	=	138.96666667
YIISTHYQF	=	158.43333333
YMKERFTVL	=	173.50000000
TFVPIAWAAAY	=	176.00000000
ATPENAAAL	=	177.24964790
YPFHIFYPV	=	188.85000000
RRRFVQNAL	=	210.55000000
VRFPNITNL	=	213.24970725
RTRAGRHAF	=	231.93333333
RWFVRNPFF	=	278.00000000
KYAKFFQNF	=	428.24985415
AASYARYVL	=	491.24987285
VALFSSCPVAY	=	569.00000000
SYMMDDLELI	=	575.00000000
AAAANTTAL	=	607.24989710
YARRYFYPL	=	696.50000000
SLMASSPTSI	=	1117.00000000
DTITNVTTM	=	1653.00000000
RMMGVKYLM	=	2340.00000000
RFNNLTVYF	=	2860.50000000
AAAVAYPEL	=	2993.00000000
SMFERDFHF	=	3268.50000000
YSLEYFQFVKK	>	20000.00000000
MVFQHFHLF	=	20000.00000000
LPADPASVL	>	20000.00000000
RQSSGSSSSGF	=	20000.00000000
AEAASATPL	=	20000.00000000
