YYRYPTGESY	=	0.70000000
FYFNWNTPI	=	0.70000000
RYRQVLSPL	=	0.80000000
YYKKTFSAL	=	0.80000000
VYQRGTHPF	=	1.00000000
YYFSYPLFV	=	1.00000000
RLPAYAPLL	=	1.00000000
AYPELACAV	=	1.00000000
RYFSVTRPL	=	1.00000000
YLREHIRAM	=	1.93333333
KQYNVTQAF	=	2.00000000
MWHVTRGAF	=	2.93333333
KMFNRASYF	=	4.00000000
YAYEPGSVM	=	4.83333333
YTFTSLFSL	=	5.93333333
FVRQCFNPM	=	7.36666667
YPYQLMLSL	=	10.83333333
AYVTWIALM	=	27.24772709
RYYLSFFHI	=	30.00000000
ARWMISSAL	=	30.00000000
MTYLDGHPV	=	30.43333333
FVAATGRPL	=	30.60000000
SVIDHIHYM	=	38.46666667
YMYRVWSPL	=	49.50000000
YQLEMYHPI	=	70.96666667
VMAPRTLVL	=	77.40000000
AVREATAAF	=	79.00000000
YTFFFTQYF	=	79.46666667
AIYKNTIAY	=	118.00000000
MTFPVSLEY	=	123.36666667
KMNAKAATL	=	146.00000000
RMMATKDSF	=	157.50000000
YQVKYVSPV	=	169.36666667
FPPTSFGPL	=	180.75000000
FQWWRSHPL	=	232.50000000
RVLDCRTAF	=	349.50000000
YTGAMTSKF	=	394.43333333
HMMAVTLFY	=	516.50000000
APPPFRLPL	=	714.00000000
AQNAISTTF	=	748.24991650
AKRYEKSAM	=	1052.00000000
RVKQHMASM	=	1059.50000000
YTKKYLLSF	=	2053.00000000
KEISNQEPL	=	2068.24997000
YSRPWNWTF	=	2894.50000000
AVRNAKAAV	=	3442.00000000
FLLPILSQIYT	=	20000.00000000
MIKYCLLKILK	>	20000.00000000
KVADVDLAVPV	=	20000.00000000
ILNRETLLDFV	>	20000.00000000
SSKMFNYFK	=	20000.00000000
