AFHHVAREL	=	1.00000000
RYVGLYLPF	=	1.00000000
AYFATPASV	=	1.00000000
AYYWNQNGF	=	1.00000000
MMMSTAVAF	=	1.36666667
YVYFYDLSY	=	1.90000000
YMKPGSSPL	=	2.00000000
TTYVYTLPV	=	3.83333333
FQMGGIGPM	=	13.40000000
MAAVRTTAL	=	14.70000000
KYLLNVSYL	=	21.24709263
RVYAHVRSV	=	26.83333333
MVRQMRAAL	=	33.83333333
AMYAPYGPF	=	39.00000000
YALPSAGAF	=	46.00000000
KAYANMWSL	=	47.00000000
AANMYIYPL	=	57.00000000
APPPQRAAM	=	61.24898373
VMPPRTLLL	=	76.93333333
KSYEHQTPF	=	93.24933155
AMAAAAAPY	=	94.24933862
YTASVVAAY	=	98.00000000
KIMQVDRPM	=	102.00000000
SFLHWFHHL	=	111.50000000
YIFRNTINM	=	120.00000000
YSFSRAYTL	=	125.60000000
RTQAVIYAF	=	133.00000000
WPTPKTHPV	=	142.83333333
YLYLRPYAL	=	151.50000000
RTWFYRTEF	=	153.00000000
YVIKKSSPL	=	163.50000000
FRYEFTAPF	=	209.24970165
MLYPRVWPY	=	246.00000000
YVRTNGASY	=	353.00000000
KAFPLIQNM	=	368.00000000
RMLPKLAEF	=	399.00000000
SWLYNYFVF	=	438.00000000
AARIAGRHM	=	654.24990450
RPYGKFRAM	=	804.50000000
RAMRMVYYL	=	960.50000000
YTPEQWWPF	=	969.50000000
IPRLGGMAF	=	1546.93333333
RMFKRVFNM	=	1558.00000000
RQIQGIAAF	=	2618.00000000
WMRWGGWPF	=	4724.00000000
RMILPMSRAFR	=	16995.00000000
TEAEKWPFF	>	20000.00000000
ELFARSSDPR	>	20000.00000000
FQILHDRFF	=	20000.00000000
APIEHIASM	=	20000.00000000
AAIAVGVAL	=	20000.00000000
