YTMELCGAM	=	0.55000000
YTYGAGSYF	=	0.55000000
RMMETWHPL	=	0.70000000
MMHASTSPF	=	0.70000000
RMMGKTNPL	=	1.00000000
YWMGGTTYF	=	1.00000000
AYFLEAQEM	=	1.00000000
LYPTFYCLF	=	1.00000000
KYFDDVTAF	=	1.00000000
HRYLIRQSM	=	2.55000000
TVFYNIPPM	=	3.00000000
WMYYPRSPV	=	6.93333333
YTLNNGVAM	=	7.86666667
YTIGIGAFY	=	9.46666667
STMPLVMAW	=	10.80000000
YSLMSRYQF	=	43.00000000
YTFEPHYFY	=	55.96666667
TYLYNKYSF	=	61.24898373
KVAQAAAAM	=	72.00000000
YVIRDLAAM	=	79.00000000
RRWIAPHPL	=	84.90000000
GMMRWCMPV	=	93.86666667
FTMRLLSPV	=	98.50000000
VVAANRSAF	=	103.00000000
YPYSSSARF	=	113.00000000
YRATYSMAL	=	119.60000000
MVLSGTLAY	=	122.90000000
MPMSMPIPM	=	125.36666667
SMFDSWGPF	=	185.50000000
VIYEAVIHL	=	195.24968030
KLAEIFQPF	=	209.24970165
MEFEPFQSL	=	263.46666667
ATAQNRRAL	=	273.00000000
MSWGWRLPF	=	286.00000000
APINSATAM	=	321.24980560
YTIYGAWMF	=	346.93333333
ARWLASTPL	=	486.40000000
RMYSPVSIL	=	701.00000000
FPHTELANL	=	792.24992115
ACPDNLLRL	=	1096.00000000
LEYFQFVKKLL	=	1134.49989000
RYSHWTKL	=	1173.00000000
AVRQFRASV	=	2858.24997800
APAAAAQAV	=	3084.24997950
LPSCPTNFCIF	>	20000.00000000
LVTMGTGTFGR	>	20000.00000000
GSSDFQVHFLK	=	20000.00000000
AVFQNRSQY	=	20000.00000000
KSLTTTMQFK	>	20000.00000000
IVDCLTEMYY	>	20000.00000000
KINIFMAFL	=	20000.00000000
ASSSNYNTY	=	20000.00000000
