ALMEVTHVL	=	0.70000000
YLGTALMGA	=	0.70000000
VMSELFDTL	=	0.70000000
GLKELGDWV	=	0.70000000
ILYNEYNFV	=	0.70000000
LLDPLYFEV	=	0.70000000
FLHPKHWGT	=	0.70000000
KLMPGSIYV	=	0.70000000
TLNHNCINV	=	0.73333333
MLGEETIKV	=	1.00000000
FMSLQSGDV	=	2.83333333
NLIDWFNQT	=	3.90000000
LLLRPFWPA	=	9.70000000
GMNPYHLAA	=	12.90000000
PLWESATEV	=	16.90000000
LLQEKYGLI	=	17.90000000
HTAWDSHWV	=	18.86666667
SFYGYGFNV	=	22.80000000
ETIGLVRAL	=	20000.00000000
ELYPTVNTY	=	20000.00000000
MVFQNYALY	>	20000.00000000
EIKDRILSY	>	20000.00000000
STMPLSWMY	=	20000.00000000
WTALMFAAY	=	20000.00000000
TTFPVNGGY	>	20000.00000000
ETLDVFGPI	=	20000.00000000
QVIEYLKPY	=	20000.00000000
DSPATLSAY	>	20000.00000000
