FIAEIDHWI	=	0.70000000
ALMEVTHVL	=	0.70000000
ALVSEVTEV	=	0.70000000
FLPPQIPVI	=	0.70000000
AMAETGCDA	=	0.70000000
FVAEGDALV	=	0.70000000
YLGTALMGA	=	0.70000000
YLDMVLAFL	=	0.70000000
YLACKQHAL	=	0.70000000
VMSELFDTL	=	0.70000000
AMMWRIAQL	=	0.70000000
YMHGSIHEV	=	0.70000000
FLRFGDFKL	=	0.70000000
FQYYGIDWV	=	0.70000000
NLKDEQFPV	=	0.70000000
FVIGGMTGV	=	0.70000000
GLKELGDWV	=	0.70000000
GMAEDLQSL	=	0.70000000
ILMDTICGT	=	0.70000000
ILYNEYNFV	=	0.70000000
EMADYIFFV	=	0.70000000
FMIDWILDA	=	0.70000000
LLDPLYFEV	=	0.70000000
LLKDLMPFV	=	0.70000000
LLQGVPFHV	=	0.70000000
FLHPKHWGT	=	0.70000000
MMQVWIQPL	=	0.70000000
KLMPGSIYV	=	0.70000000
MMFDAMGAL	=	0.73333333
TLNHNCINV	=	0.73333333
YMIKLAKEV	=	0.73333333
ALAGNHWHV	=	0.76666667
AQMVWIHGV	=	0.76666667
WMDMWESPM	=	0.80000000
YMLWNSWLS	=	0.83333333
KMVGTVQRV	=	0.83333333
GMRDVSFEL	=	0.83333333
ATGDYVAFV	=	0.96666667
MLGEETIKV	=	1.00000000
KLADMSIYC	=	1.00000000
YTYPIAHTA	=	1.70000000
AMQDPNPEV	=	1.70000000
FTFDNSKFV	=	1.83333333
LIPDGDGEV	=	1.90000000
FIKNPACTV	=	1.96666667
FLPIFFIFA	=	2.70000000
LLIDDSFSS	=	2.83333333
FMSLQSGDV	=	2.83333333
NLIDWFNQT	=	3.90000000
WLPWIPQLI	=	4.86666667
ALFEDYPGC	=	6.73333333
VMGGNAAEA	=	8.00000000
LLLRPFWPA	=	9.70000000
YVDIIGLSV	=	9.70000000
MQQAYQCIV	=	11.86666667
TLLCGAATA	=	12.00000000
LIFPAFFLC	=	12.00000000
ALEEGRKYV	=	12.76666667
GMNPYHLAA	=	12.90000000
HLPELIWRS	=	13.86666667
PLWESATEV	=	16.90000000
LLQEKYGLI	=	17.90000000
VMCIQMKYV	=	18.70000000
RMYGISPWT	=	18.80000000
HTAWDSHWV	=	18.86666667
EVWGMRWPI	=	20.93333333
SFYGYGFNV	=	22.80000000
YMLKDSAPT	=	30.00000000
MQLPGGWLL	=	32.80000000
GMFIIFIPI	=	395.80000000
LLYEVDGDV	=	1128.80000000
FTNKLINGY	=	20000.00000000
ETIGLVRAL	=	20000.00000000
ETIEDYLGY	=	20000.00000000
ETFNTPAMY	>	20000.00000000
ESMMGSTAM	=	20000.00000000
ESAERLKAY	=	20000.00000000
ELYPTVNTY	=	20000.00000000
NTIEELSGY	=	20000.00000000
EIIPKIKAY	=	20000.00000000
EIINNGISY	=	20000.00000000
EIAQHGAWY	=	20000.00000000
EVIPMFSAL	=	20000.00000000
EFFGWAEGY	=	20000.00000000
DTWHGFKNM	=	20000.00000000
MVFQNYALY	>	20000.00000000
DTTTDISKY	=	20000.00000000
EIKDRILSY	>	20000.00000000
FPASHMATY	=	20000.00000000
ETVNFVPNY	=	20000.00000000
VTIPQIGGM	>	20000.00000000
DIVGGLFTY	=	20000.00000000
STMPLSWMY	=	20000.00000000
WTIGNRAPY	=	20000.00000000
RVRDNMTKK	=	20000.00000000
WTALMFAAY	=	20000.00000000
TTFPVNGGY	>	20000.00000000
TTSDFFVNY	=	20000.00000000
ETLDVFGPI	=	20000.00000000
DTLKVGNTY	=	20000.00000000
QVIEYLKPY	=	20000.00000000
EVIPYTPAM	=	20000.00000000
EVREFLGSY	=	20000.00000000
EVATRFNTM	>	20000.00000000
EVADRVIFM	=	20000.00000000
DSPATLSAY	>	20000.00000000
YVYFYDLSY	=	20000.00000000
