FIAEIDHWI	=	0.70000000
ALVSEVTEV	=	0.70000000
AMMWRIAQL	=	0.70000000
FLRFGDFKL	=	0.70000000
NLKDEQFPV	=	0.70000000
FVIGGMTGV	=	0.70000000
ILMDTICGT	=	0.70000000
LLKDLMPFV	=	0.70000000
YMIKLAKEV	=	0.73333333
ALAGNHWHV	=	0.76666667
GMRDVSFEL	=	0.83333333
KLADMSIYC	=	1.00000000
FTFDNSKFV	=	1.83333333
VMGGNAAEA	=	8.00000000
ALEEGRKYV	=	12.76666667
RMYGISPWT	=	18.80000000
YMLKDSAPT	=	30.00000000
ETIEDYLGY	=	20000.00000000
NTIEELSGY	=	20000.00000000
EIAQHGAWY	=	20000.00000000
EFFGWAEGY	=	20000.00000000
DTWHGFKNM	=	20000.00000000
ETVNFVPNY	=	20000.00000000
EVIPYTPAM	=	20000.00000000
EVADRVIFM	=	20000.00000000
YVYFYDLSY	=	20000.00000000
