FLPGQYMNI	=	0.70000000
YQLGDYFFV	=	0.70000000
AMIDRLHQT	=	0.70000000
YLFQWNDNV	=	0.70000000
QLAFTYCQV	=	0.70000000
KLTSYSAGL	=	0.70000000
ALYWALMES	=	0.73333333
HIMPNSFRV	=	0.76666667
GVYGGLCLA	=	0.76666667
FLADYRGKT	=	1.96666667
YIALGRARV	=	2.73333333
FLDDASNSA	=	5.76666667
WMLGTGVYL	=	6.90000000
WTLETLPRV	=	9.80000000
MSDWGHITV	=	9.93333333
LLPYPIAGC	=	23.83333333
QLHAAGVRV	=	51.76666667
VLPPLSADL	=	71.83333333
ETIEILRNY	>	20000.00000000
ETDDYMFFV	=	20000.00000000
HTAAPWGSY	=	20000.00000000
ETKKTMLAL	=	20000.00000000
YTSDYFISY	=	20000.00000000
YTVRGTGKY	=	20000.00000000
ATAWRTGGY	=	20000.00000000
DTRGIFSAY	=	20000.00000000
EVFEIIRSY	=	20000.00000000
ETWVETWAF	>	20000.00000000
