FIAEIDHWI	=	0.70000000
FLPGQYMNI	=	0.70000000
ALVSEVTEV	=	0.70000000
FLPPQIPVI	=	0.70000000
AMAETGCDA	=	0.70000000
FVAEGDALV	=	0.70000000
YQLGDYFFV	=	0.70000000
AMIDRLHQT	=	0.70000000
YLFQWNDNV	=	0.70000000
YLDMVLAFL	=	0.70000000
YLACKQHAL	=	0.70000000
AMMWRIAQL	=	0.70000000
YMHGSIHEV	=	0.70000000
FLRFGDFKL	=	0.70000000
FQYYGIDWV	=	0.70000000
NLKDEQFPV	=	0.70000000
QLAFTYCQV	=	0.70000000
FVIGGMTGV	=	0.70000000
GMAEDLQSL	=	0.70000000
ILMDTICGT	=	0.70000000
EMADYIFFV	=	0.70000000
FMIDWILDA	=	0.70000000
KLTSYSAGL	=	0.70000000
LLKDLMPFV	=	0.70000000
LLQGVPFHV	=	0.70000000
MMQVWIQPL	=	0.70000000
MMFDAMGAL	=	0.73333333
ALYWALMES	=	0.73333333
YMIKLAKEV	=	0.73333333
HIMPNSFRV	=	0.76666667
GVYGGLCLA	=	0.76666667
ALAGNHWHV	=	0.76666667
AQMVWIHGV	=	0.76666667
WMDMWESPM	=	0.80000000
YMLWNSWLS	=	0.83333333
KMVGTVQRV	=	0.83333333
GMRDVSFEL	=	0.83333333
ATGDYVAFV	=	0.96666667
KLADMSIYC	=	1.00000000
YTYPIAHTA	=	1.70000000
AMQDPNPEV	=	1.70000000
FTFDNSKFV	=	1.83333333
LIPDGDGEV	=	1.90000000
FLADYRGKT	=	1.96666667
FIKNPACTV	=	1.96666667
FLPIFFIFA	=	2.70000000
YIALGRARV	=	2.73333333
LLIDDSFSS	=	2.83333333
WLPWIPQLI	=	4.86666667
FLDDASNSA	=	5.76666667
ALFEDYPGC	=	6.73333333
WMLGTGVYL	=	6.90000000
VMGGNAAEA	=	8.00000000
YVDIIGLSV	=	9.70000000
WTLETLPRV	=	9.80000000
MSDWGHITV	=	9.93333333
MQQAYQCIV	=	11.86666667
TLLCGAATA	=	12.00000000
LIFPAFFLC	=	12.00000000
ALEEGRKYV	=	12.76666667
HLPELIWRS	=	13.86666667
VMCIQMKYV	=	18.70000000
RMYGISPWT	=	18.80000000
EVWGMRWPI	=	20.93333333
LLPYPIAGC	=	23.83333333
YMLKDSAPT	=	30.00000000
MQLPGGWLL	=	32.80000000
QLHAAGVRV	=	51.76666667
VLPPLSADL	=	71.83333333
GMFIIFIPI	=	395.80000000
LLYEVDGDV	=	1128.80000000
FTNKLINGY	=	20000.00000000
ETIEILRNY	>	20000.00000000
ETIEDYLGY	=	20000.00000000
ETFNTPAMY	>	20000.00000000
ETDDYMFFV	=	20000.00000000
HTAAPWGSY	=	20000.00000000
ESMMGSTAM	=	20000.00000000
ESAERLKAY	=	20000.00000000
NTIEELSGY	=	20000.00000000
EIIPKIKAY	=	20000.00000000
EIINNGISY	=	20000.00000000
EIAQHGAWY	=	20000.00000000
EVIPMFSAL	=	20000.00000000
EFFGWAEGY	=	20000.00000000
DTWHGFKNM	=	20000.00000000
DTTTDISKY	=	20000.00000000
ETKKTMLAL	=	20000.00000000
FPASHMATY	=	20000.00000000
YTSDYFISY	=	20000.00000000
ETVNFVPNY	=	20000.00000000
VTIPQIGGM	>	20000.00000000
DIVGGLFTY	=	20000.00000000
WTIGNRAPY	=	20000.00000000
RVRDNMTKK	=	20000.00000000
YTVRGTGKY	=	20000.00000000
TTSDFFVNY	=	20000.00000000
ATAWRTGGY	=	20000.00000000
DTLKVGNTY	=	20000.00000000
EVIPYTPAM	=	20000.00000000
DTRGIFSAY	=	20000.00000000
EVREFLGSY	=	20000.00000000
EVFEIIRSY	=	20000.00000000
EVATRFNTM	>	20000.00000000
EVADRVIFM	=	20000.00000000
ETWVETWAF	>	20000.00000000
YVYFYDLSY	=	20000.00000000
