FIAEIDHWI	=	0.70000000
FLPGQYMNI	=	0.70000000
ALMEVTHVL	=	0.70000000
ALVSEVTEV	=	0.70000000
FLPPQIPVI	=	0.70000000
AMAETGCDA	=	0.70000000
FVAEGDALV	=	0.70000000
YQLGDYFFV	=	0.70000000
AMIDRLHQT	=	0.70000000
YLGTALMGA	=	0.70000000
YLFQWNDNV	=	0.70000000
YLDMVLAFL	=	0.70000000
YLACKQHAL	=	0.70000000
VMSELFDTL	=	0.70000000
AMMWRIAQL	=	0.70000000
YMHGSIHEV	=	0.70000000
FLRFGDFKL	=	0.70000000
NLKDEQFPV	=	0.70000000
QLAFTYCQV	=	0.70000000
FVIGGMTGV	=	0.70000000
GLKELGDWV	=	0.70000000
GMAEDLQSL	=	0.70000000
ILMDTICGT	=	0.70000000
ILYNEYNFV	=	0.70000000
KLTSYSAGL	=	0.70000000
LLDPLYFEV	=	0.70000000
LLKDLMPFV	=	0.70000000
FLHPKHWGT	=	0.70000000
KLMPGSIYV	=	0.70000000
MMFDAMGAL	=	0.73333333
TLNHNCINV	=	0.73333333
ALYWALMES	=	0.73333333
YMIKLAKEV	=	0.73333333
HIMPNSFRV	=	0.76666667
GVYGGLCLA	=	0.76666667
ALAGNHWHV	=	0.76666667
WMDMWESPM	=	0.80000000
KMVGTVQRV	=	0.83333333
GMRDVSFEL	=	0.83333333
MLGEETIKV	=	1.00000000
KLADMSIYC	=	1.00000000
AMQDPNPEV	=	1.70000000
FTFDNSKFV	=	1.83333333
FLADYRGKT	=	1.96666667
FIKNPACTV	=	1.96666667
YIALGRARV	=	2.73333333
LLIDDSFSS	=	2.83333333
FMSLQSGDV	=	2.83333333
NLIDWFNQT	=	3.90000000
FLDDASNSA	=	5.76666667
ALFEDYPGC	=	6.73333333
WMLGTGVYL	=	6.90000000
VMGGNAAEA	=	8.00000000
LLLRPFWPA	=	9.70000000
WTLETLPRV	=	9.80000000
MSDWGHITV	=	9.93333333
LIFPAFFLC	=	12.00000000
ALEEGRKYV	=	12.76666667
GMNPYHLAA	=	12.90000000
PLWESATEV	=	16.90000000
LLQEKYGLI	=	17.90000000
VMCIQMKYV	=	18.70000000
RMYGISPWT	=	18.80000000
HTAWDSHWV	=	18.86666667
EVWGMRWPI	=	20.93333333
SFYGYGFNV	=	22.80000000
LLPYPIAGC	=	23.83333333
YMLKDSAPT	=	30.00000000
QLHAAGVRV	=	51.76666667
VLPPLSADL	=	71.83333333
LLYEVDGDV	=	1128.80000000
ETIGLVRAL	=	20000.00000000
ETIEILRNY	>	20000.00000000
ETIEDYLGY	=	20000.00000000
ETDDYMFFV	=	20000.00000000
HTAAPWGSY	=	20000.00000000
ESMMGSTAM	=	20000.00000000
ESAERLKAY	=	20000.00000000
ELYPTVNTY	=	20000.00000000
NTIEELSGY	=	20000.00000000
EIAQHGAWY	=	20000.00000000
EVIPMFSAL	=	20000.00000000
EFFGWAEGY	=	20000.00000000
DTWHGFKNM	=	20000.00000000
MVFQNYALY	>	20000.00000000
ETKKTMLAL	=	20000.00000000
EIKDRILSY	>	20000.00000000
YTSDYFISY	=	20000.00000000
ETVNFVPNY	=	20000.00000000
VTIPQIGGM	>	20000.00000000
STMPLSWMY	=	20000.00000000
WTIGNRAPY	=	20000.00000000
RVRDNMTKK	=	20000.00000000
YTVRGTGKY	=	20000.00000000
WTALMFAAY	=	20000.00000000
TTFPVNGGY	>	20000.00000000
ETLDVFGPI	=	20000.00000000
ATAWRTGGY	=	20000.00000000
DTLKVGNTY	=	20000.00000000
QVIEYLKPY	=	20000.00000000
EVIPYTPAM	=	20000.00000000
DTRGIFSAY	=	20000.00000000
EVREFLGSY	=	20000.00000000
EVFEIIRSY	=	20000.00000000
EVADRVIFM	=	20000.00000000
ETWVETWAF	>	20000.00000000
DSPATLSAY	>	20000.00000000
YVYFYDLSY	=	20000.00000000
