FLPPQIPVI	=	0.70000000
AMAETGCDA	=	0.70000000
FVAEGDALV	=	0.70000000
YLDMVLAFL	=	0.70000000
YLACKQHAL	=	0.70000000
YMHGSIHEV	=	0.70000000
GMAEDLQSL	=	0.70000000
MMFDAMGAL	=	0.73333333
WMDMWESPM	=	0.80000000
KMVGTVQRV	=	0.83333333
AMQDPNPEV	=	1.70000000
FIKNPACTV	=	1.96666667
LLIDDSFSS	=	2.83333333
ALFEDYPGC	=	6.73333333
LIFPAFFLC	=	12.00000000
VMCIQMKYV	=	18.70000000
EVWGMRWPI	=	20.93333333
LLYEVDGDV	=	1128.80000000
ESMMGSTAM	=	20000.00000000
ESAERLKAY	=	20000.00000000
EVIPMFSAL	=	20000.00000000
VTIPQIGGM	>	20000.00000000
WTIGNRAPY	=	20000.00000000
RVRDNMTKK	=	20000.00000000
DTLKVGNTY	=	20000.00000000
EVREFLGSY	=	20000.00000000
