FQYYGIDWV	=	0.70000000
EMADYIFFV	=	0.70000000
FMIDWILDA	=	0.70000000
LLQGVPFHV	=	0.70000000
MMQVWIQPL	=	0.70000000
AQMVWIHGV	=	0.76666667
YMLWNSWLS	=	0.83333333
ATGDYVAFV	=	0.96666667
YTYPIAHTA	=	1.70000000
LIPDGDGEV	=	1.90000000
FLPIFFIFA	=	2.70000000
WLPWIPQLI	=	4.86666667
YVDIIGLSV	=	9.70000000
MQQAYQCIV	=	11.86666667
TLLCGAATA	=	12.00000000
HLPELIWRS	=	13.86666667
MQLPGGWLL	=	32.80000000
GMFIIFIPI	=	395.80000000
FTNKLINGY	=	20000.00000000
ETFNTPAMY	>	20000.00000000
EIIPKIKAY	=	20000.00000000
EIINNGISY	=	20000.00000000
DTTTDISKY	=	20000.00000000
FPASHMATY	=	20000.00000000
DIVGGLFTY	=	20000.00000000
TTSDFFVNY	=	20000.00000000
EVATRFNTM	>	20000.00000000
