VGPSNSPTF	=	0.71500000
GYKDGNEYI	=	2.31166667
RGPYRAFKTI	=	2.31250000
AGPYRAFVTI	=	4.93333300
KGPNHQNPF	=	9.93515800
RGPGRAYVTI	=	13.70370400
FYALRGLSL	=	61.68715800
GGPLLATRL	<	500.00000000
TGPTRWCRL	<	500.00000000
AGATRWCRL	<	500.00000000
DVLSFTAEEKA	<	500.00000000
DVLSFTAEEK	<	500.00000000
IGPGRAFYI	<	500.00000000
FAPGNYPAL	<	500.00000000
DGPFIFARH	=	661.74960700
GIPWYKMAAI	=	759.24979500
KVFSFWLLCK	=	874.04146400
EILFKVSEI	=	956.08052300
IGPGRAFYTV	<	1000.00000000
RGPGRAFCTI	<	1000.00000000
AGPCALRF	=	1000.00000000
AGPPRYSRI	<	1500.00000000
TLGNKHTLI	=	1951.54785000
GGWVKAAAL	=	2846.15384600
HGVEFDFI	=	3189.14683600
GYLGARRGV	>	5000.00000000
TRDVLDLYADFIASM	>	5000.00000000
GFVDGLRDL	>	5000.00000000
MRATHRAALRA	>	5000.00000000
ERIIQSGDTLAL	>	5000.00000000
LLDVPTAAV	>	5000.00000000
LLPRRGPRL	=	5210.84507067
ILDDNLYKV	=	6129.93027933
SAMVYSSDDI	=	7292.45625800
SPGQRVEFL	=	7550.68027200
TQLNSLAHWI	=	9311.74958700
LLTACTIFYI	=	11183.26960033
SSCKMALLFK	=	11599.20204733
LEPVYETV	=	11853.89588200
FILGIIITV	=	12321.49145433
KGFTDADNTW	=	13283.50984000
SPMYLWFNV	=	13671.67876033
KYFFTVSNI	=	13875.73709300
TLGNKHTL	=	17789.28391850
YLPEVISTI	=	18313.52030600
NGPPHSNNFGY	=	18500.00000000
QALTDLGL	=	18500.00000000
GILVALSTVI	=	19268.76817000
NFINGNTFI	=	24183.68205833
VGNVYVKF	=	24964.01677000
LGNSKYIF	=	37000.00000000
LGLSRPLLRL	=	37000.00000000
MGHQRMRGTF	=	37000.00000000
GGLGRIDKLL	=	37000.00000000
GALPQGMVL	=	37000.00000000
APGNYPAL	=	37000.00000000
AQLTRQLNM	=	40099.50286050
LMDSIFVST	=	40616.67632667
ILMDSIFVST	=	51871.35819072
RIPVIVADD	>	53055.33333333
IVADDLTAA	>	53055.33333333
NAVLTHVKI	>	53055.33333333
PCRIPVIVA	>	53055.33333333
AVLTHVKIN	>	53055.33333333
GKMFDSQVII	=	56983.80209000
LILSCIFAFI	=	69800.00000000
SFSLESDSIK	=	69800.00000000
VLPHLCLDYK	=	69800.00000000
RYCINSASL	>	69811.00000000
AYQEIVKAL	>	69811.00000000
GYKVAPAAL	>	69811.00000000
AYREMTGKI	>	69811.00000000
AREAVMAFL	>	69811.00000000
SYAEVRAAL	>	69811.00000000
KGKMFDSQVI	>	69811.32076000
KISFEAPVSI	>	69811.32076000
LYYQGSCYI	=	70000.00000000
LYIPGTSVI	=	70000.00000000
FGPFCDALK	=	72674.86000000
SNHAAGYDL	=	77000.00000000
ARRAPPLQV	>	77083.33333000
KQYADVEGF	>	77083.33333000
VDPSLPSNP	>	77083.33333000
VGDYKIVVE	>	77083.33333000
MGKSMRPVY	>	77083.33333000
LVKMINHLK	=	77100.00000000
IPYLRNYMV	=	77100.00000000
TLNHVLALK	=	77100.00000000
AFVRFSTDK	=	77100.00000000
VLYDEFVTI	=	77100.00000000
ISIRPRVTK	=	77100.00000000
GLFDFVNFV	=	77100.00000000
VIPAKKII	>	88095.00000000
TFLRPPKV	>	88095.23810000
