RGPYRAFVAI	=	1.27586200
RGPFRAFVTI	<	2.00000000
GGAYRLIVF	=	3.70000000
KGPYRAFVTI	=	5.78125000
RGPGRAFYTI	=	7.25326800
RGKYRAFVTI	=	67.27272700
RGPYRAFVTA	=	127.58620700
DGPGSFDIF	=	339.85137600
RGPGCAFVTI	<	500.00000000
IGPGRAFYVT	<	500.00000000
IGPGRAFYVV	<	500.00000000
WGPPMRHAL	<	500.00000000
WGPALLSIL	<	500.00000000
NGRDSLVNPGPAMAS	<	500.00000000
DDVSREKSM	=	650.72630533
ILMIFISSFL	=	740.09455000
RGPNVVTL	=	831.70454550
IGPGRAFYT	<	1000.00000000
RKPYRAFVTI	=	1057.14285700
CQITRRDWSF	=	1082.90790467
LGPGLNPYL	=	1318.82243500
ILLAELFDIF	=	1417.42103900
QITRRDWSF	=	1655.88372100
IGPFLPGEV	=	2770.54163000
CTFMIITSTK	=	2848.13800133
RGPGRAFVTI	<	3000.00000000
FPVRPQVPL	=	3362.42424267
EVVMAYVGIK	=	4288.27713000
VSEIRLVTVL	=	4792.25564300
IIPQKGNNI	=	4806.79653667
GGPGADGAL	>	5000.00000000
YPHCMPTNL	>	5000.00000000
VYFLWTKIL	>	5000.00000000
LPQSCYLNF	=	6536.66705800
AYERDTRQF	=	7168.98256900
WEPAYLGSK	=	7559.18133600
LGPFLPGEV	=	7881.08618400
QIFEVYWYL	=	8720.16510400
EGPLAGLPV	=	10292.30492000
AVRMGSQAAI	=	12837.89075000
WSPRDYTPA	=	14777.35122000
SGPSNTPPEI	=	18500.00000000
QYIYSEHTI	=	21314.03810733
STCYVFGLY	=	25073.04138500
DIPPRWFM	=	25429.70341750
AGAAALRPFA	=	26106.88132000
HKFYHYSVYI	=	27274.85851000
LSSWKNLM	=	29839.68002800
RTLLGLILFV	=	34466.38244555
SSILRSKII	=	37000.00000000
ASNENMETM	=	37000.00000000
GGLGRIDKL	=	37000.00000000
HLPDRVHF	=	37000.00000000
HGMDLADL	=	37000.00000000
YGLKGPDI	=	37000.00000000
FGPPTALRSF	=	37000.00000000
RMAADVITSI	=	44379.60281000
IPFIAYFVL	=	48587.72749267
YNAVLTHVK	=	51133.07433800
AGGAAYASI	=	51191.60310200
VIVADDLTA	>	53055.33333333
CYNAVLTHV	>	53055.33333333
CRIPVIVAD	>	53055.33333333
WVPRLYQLA	=	54189.55560000
NGATYNVSCI	=	55009.84559000
IQTPTKLMNK	=	69800.00000000
NLFDIPLLTV	=	69800.00000000
TFFSYLMKDK	=	69800.00000000
IPYLRNYMVI	=	69800.00000000
REVNKALYDL	>	69811.00000000
AYASIPALL	>	69811.00000000
PGAAVCQAVI	>	69811.32076000
TFSGIVNALI	>	69811.32076000
KINFEAPVSI	>	69811.32076000
EGPFDLALDV	>	69811.32076000
SYQFSENEI	=	70000.00000000
IPMFNKGHF	=	70000.00000000
SYISGTNGI	=	70000.00000000
SVLTSRGGI	=	70000.00000000
RYNVIASSI	=	70000.00000000
KYMWCYSQV	=	70000.00000000
FYNEVASWL	=	70000.00000000
KYKPVYSYV	=	70000.00000000
KYYYSNSYL	=	70000.00000000
KYIGLFIYI	=	70000.00000000
KVFDGIPPP	>	77083.33333000
GQTGNRGPP	>	77083.33333000
SLIYYQNEV	=	77100.00000000
LMYDIINSV	=	77100.00000000
TFMIITSTK	=	77100.00000000
RPDTRHLRV	=	77100.00000000
KSYSLIRPK	=	77100.00000000
DVKASMLEK	=	77100.00000000
RLYDYFTRV	=	77100.00000000
AQYSPQQL	=	81323.59172000
