RGPYRSFVTI	=	1.76190500
RGPYRAAVTI	=	1.94736800
RGPYRAYVTI	=	2.17647100
RGPGRYFVTI	=	2.64285700
FSPRRNGYL	=	2.64285700
RGAYRAFVTI	=	3.36363600
RGPYRKFVTI	=	3.70000000
AGPKLIAAL	=	13.38593067
DGPGAFDLF	=	16.67972800
RGPYAAFVTI	=	38.94736800
LGRPDAEYW	=	177.76337100
TGPPDADGI	<	500.00000000
YGPSLYRRF	<	500.00000000
VGPALGRGL	<	500.00000000
VILFIMFMLI	=	541.32473200
RGPDAFRF	=	711.48662800
AGVWSQDKW	=	940.76754400
NTYLFNILYK	=	1090.65040800
YYFSLQQRL	=	1173.09831400
IGHRYIEVF	=	2645.27611200
DGPHAGLPV	=	3127.90309900
AGPFGMSRI	=	4029.93678150
NGPPHSNNYGF	=	4805.19480500
SIICFEKL	>	5000.00000000
TRDVLNLYADFIASM	>	5000.00000000
TRVLQQIH	>	5000.00000000
CWDELTKLI	>	5000.00000000
PHILLEEDEILVLL	>	5000.00000000
MYLRRFII	>	5000.00000000
TRDVLDLFADFIASM	>	5000.00000000
MGPLGRAWL	>	5000.00000000
YYTCVLEYI	=	5767.07630667
SGGETTVTI	=	7924.89312800
ISIIVLFQR	=	7979.25535333
IPMSIISFF	=	8058.72851733
IDPWIFQNF	=	8087.01152500
MGKFAIEVF	=	8169.74134200
LGGCRHKL	=	8221.48148133
LGRPDEEYW	=	9215.79226000
NGIIRNLV	=	9250.00000000
QGTYTNGRF	=	9282.63360500
TLLGLILFV	=	9887.51019467
SKIFINSII	=	11246.77879167
LPTKTRSYI	=	18538.92639933
KYGRLFNEI	=	18913.74429833
EGPFDLALD	=	25905.18156000
FGMSRILL	=	26419.04761967
SPYAAGYDL	=	32217.86215333
SYNRSMTTI	=	34745.15364733
NGFQEETW	=	35384.42880000
IIIPFIAYFV	=	36096.24932558
LDPARDVL	=	37000.00000000
SIINFEKL	=	37000.00000000
CALMDCII	=	37000.00000000
TYQRTRALV	=	37000.00000000
DDPSRGRL	=	37000.00000000
AALLDGGNM	=	37000.00000000
PGLTSSVI	=	37000.00000000
RGYVYQGL	=	37000.00000000
QALTDLGLL	=	37000.00000000
AALLDGGNML	=	37000.00000000
IPLKIVRFF	=	39316.70921433
WGSDLGTMI	=	41341.42726000
PVIVADDLT	>	53055.33333333
KYQQDRDTL	=	53918.84385433
AYTSVAEML	=	54145.81562800
KVALYRRIQR	=	69800.00000000
RPDTRHLRVL	=	69800.00000000
FFSYLMKDK	=	69800.00000000
TVLGLGLSLK	=	69800.00000000
MVIENGILKK	=	69800.00000000
AYQPALEKI	>	69811.00000000
SYISSAESL	>	69811.00000000
MYAAMAKAL	>	69811.00000000
SYSEIARAI	>	69811.00000000
LFVTASPEV	>	69811.00000000
LYRGGLEPI	>	69811.00000000
VFSEIATSV	>	69811.00000000
IYDRYANKL	>	69811.00000000
KYQKSAEAI	>	69811.00000000
NGRFVSLPKI	>	69811.32076000
RQYPWGTVQV	>	69811.32076000
SIITDAVSI	=	70000.00000000
KYEGPFTTT	=	70000.00000000
KIIQKSSSI	=	73167.52553233
MGKSMRPIY	>	77083.33333000
WSPRDHTPA	>	77083.33333000
WSPRDYTPQ	>	77083.33333000
MTIREFPRK	=	77100.00000000
STLNFNNLR	=	77100.00000000
ATSIYTIER	=	77100.00000000
NLFSKNILK	=	77100.00000000
IVLFQRFLR	=	77100.00000000
HVDGKILFV	=	77100.00000000
TGYVATRW	>	88095.23810000
