IGPYIIGNI	=	0.55000000
RGPARAFVTI	=	1.02777800
RGPYRAFATI	=	2.05555600
TGPGGLSALL	=	8.61618333
YGPKVDIW	=	11.06800900
WGPSLYSI	=	17.61269867
EGPRNQDWL	=	18.41460700
GPGHKARVL	=	62.70790933
RGPYRAFVTK	=	90.24390200
DAMADVII	=	266.78233400
FGPAHAAAL	<	500.00000000
CGPCPLLQL	<	500.00000000
IGPGRAFYL	<	500.00000000
RGPNAGSRF	<	500.00000000
RQFPTAFEF	=	693.72561340
VLIAGIILL	=	862.18413667
IGPGRAFYTVI	<	1000.00000000
IGPGRAFYTI	<	1000.00000000
AAGFSKSDAI	=	1023.14855600
GFIRSLQTI	=	1152.79127000
FALISFLL	=	1222.66666650
TYTTMDTLI	=	1368.02894933
LMIFISSFLL	=	2221.54988933
KGFSEEHNTW	=	2576.28060800
AFRSAFVRI	=	2592.26883100
HLAQSLEKCEFLQRE	>	5000.00000000
TRDVLNLWADFIASM	>	5000.00000000
TRDVLNLFADFIASM	>	5000.00000000
DFFPDLNALV	>	5000.00000000
LPLDFFPDL	>	5000.00000000
YPHFMPTNL	>	5000.00000000
SGGPKYEYRW	=	5590.95488700
SPNRAAATL	=	7241.59200200
SYFETGFPI	=	8767.81551867
SPGAAGYDL	=	9100.46029000
RLLIWAYLSK	=	9988.69462400
RMATDVITSI	=	11516.27857000
YLLFASMGFK	=	11948.50676118
KGQASRAVI	=	12363.54976050
NPLSNPFYM	=	13144.03914700
VPISHLYIL	=	13209.52380800
NGSSSMATV	=	15653.01404050
LLTACTIFY	=	18432.58347300
DGPSLQQVM	=	19151.71339000
YDLQRSAM	=	20752.51343050
VGPSWADDD	=	21307.14865000
NYHITLRFI	=	21454.61165750
TFFTVVVGL	=	24651.22125900
IPFIAYFVLM	=	25729.45027900
LDPARDVLCL	=	37000.00000000
AGPPQVGL	=	37000.00000000
NAPTWIDI	=	37000.00000000
AGPLEEEL	=	37000.00000000
KIIQKPYQL	=	37000.00000000
PTALRSFGF	=	37000.00000000
SFFIKLPII	=	37000.00000000
SVLSSITNI	=	41894.16684100
GILVALSAVI	=	45749.62571000
ARNAAVLTL	=	46263.25629150
LYEAAREAL	=	48462.37528850
MALYVLQAL	=	49320.18304000
KVCYNAVLT	>	53055.33333333
VLTHVKIND	>	53055.33333333
YPMDNVINF	=	59977.70330500
GYAKMTSDL	=	62793.09158000
IQFRLPDGSSF	>	63793.10345000
ATLMKTSCSK	=	69800.00000000
KQYIVATLMK	=	69800.00000000
IIPFIAYFV	=	69800.00000000
AYLAVSEAL	>	69811.00000000
FYTASYSSV	>	69811.00000000
QGRVFASVTA	>	69811.32076000
GGIGMAFGLT	>	69811.32076000
NGRFVSFPKI	>	69811.32076000
SYILFLSCI	=	70000.00000000
KCENHRSVI	=	70000.00000000
KFINGASTM	=	70000.00000000
SQFILRLPP	>	77083.33333000
SGPLTFPTD	>	77083.33333000
IDIIRGPIL	>	77083.33333000
KEYIPPLIW	>	77083.33333000
KVAPAPAVV	>	77083.33333000
FNPIRVGMS	>	77083.33333000
SLQTIASKK	=	77100.00000000
SLVENNFFT	=	77100.00000000
AVYGNIKHK	=	77100.00000000
LLFASMGFK	=	77100.00000000
SVANRSKQK	=	77100.00000000
MVIENGILK	=	77100.00000000
KPFNNILNL	=	77100.00000000
RVYEALYYV	=	77100.00000000
YIIRVTTEL	=	77100.00000000
FLTSVINRV	=	77100.00000000
AVYKPPKV	>	88095.23810000
VAYRPISA	>	88095.23810000
