RGPYRAFVTI	<	2.00000000
RGPYRAFVKI	=	3.89473700
WGPSLYSIL	=	6.20607150
VGPSNSPIF	=	12.11744150
RGPYKAFVTI	=	13.70370400
VGPRWMEW	=	31.68108300
TGPCRTCMT	=	110.41176450
RAPYRAFVTI	=	176.19047600
RGPRLNTL	=	185.00000000
NGPASSTTL	=	222.50703333
SFQPVIDAI	=	323.82100800
NSLANPGIA	<	500.00000000
GGPHAVYLL	<	500.00000000
SGPSRGRII	<	500.00000000
EGPQYWEW	=	517.53676500
CEAIKTIGI	=	543.00037800
TGPCRTCM	=	1028.51851867
RLFYTFFSY	=	2711.27246000
KYAAAVAGL	=	3912.42063200
QAPYQGRVF	=	4324.65290900
FLIVSLCPT	=	4331.83382000
SYQLLNFLPL	>	5000.00000000
FLPLDFFPDLNALVD	>	5000.00000000
TRDVLQLFADFIASM	>	5000.00000000
TRDVLQLWADFIASM	>	5000.00000000
TRDVLDLWADFIASM	>	5000.00000000
VYYPGENQI	>	5000.00000000
AYGDPFTTL	>	5000.00000000
LLDCPTAAV	>	5000.00000000
TGPCRTCMTT	=	5287.14285733
VFSLVVSDI	=	8744.70574900
GGIGRFYI	=	8809.68254000
APPKGTEVF	=	8838.20439200
AYAKRAAEL	=	10560.32761950
SGGAARLAI	=	10772.23636750
VPLSFAAL	=	11263.74868150
KLLWFLTGT	=	12424.24003900
RESKGGKYSI	=	12849.15879000
AGPFGMSRIL	=	13209.52380800
GGKYSIDDY	=	15510.29244000
IYSPSNHHI	=	17173.05001400
IPAALIILL	=	18925.92873333
RSIYGFQDTI	=	23759.47688000
LGNSRIVI	=	25258.16762800
YIDERSNAEI	=	25724.85685800
LPNPAFIHI	=	27133.80156533
IYTSSMEAI	=	35869.97430767
SGRANFATL	=	36317.36148850
LGLSRPLL	=	37000.00000000
SGLSRYVARL	=	37000.00000000
LPKNKEGLF	=	37000.00000000
AMIKNLDFI	>	37000.00000000
DDPSRGRLGL	=	37000.00000000
LALMDLLM	=	37000.00000000
LGNSKYIFWL	>	37000.00000000
SYFPEITHI	=	37000.00000000
LMGYIPLVKY	>	37000.00000000
FEFTKYKYL	=	37000.00000000
FALISFLLL	=	37000.00000000
VFCAAVGRL	=	39546.41232200
SLSAYIIRV	=	46615.34627167
QGISFLRRAI	=	50556.03840000
IPVIVADDL	>	53055.33333333
THVKINDKC	>	53055.33333333
LTHVKINDK	>	53055.33333333
HVKINDKCP	>	53055.33333333
RKVCYNAVL	>	53055.33333333
VCYNAVLTH	=	53918.76578150
TYRAVAKAL	=	61411.31705200
AFEFINSLLK	=	69800.00000000
SLTIKDSSNK	=	69800.00000000
VTNLISETLK	=	69800.00000000
WTTYMDTFFR	=	69800.00000000
SGISSAESL	>	69811.00000000
VPPYFPKGSL	>	69811.32076000
DGPFIFARHA	>	69811.32076000
RQYPWGVVQV	>	69811.32076000
GGDIRARKPI	>	69811.32076000
AIGGGLMGII	>	69811.32076000
GMAFGLTSET	>	69811.32076000
AGNAFTAGKV	>	69811.32076000
MPLFPTFSM	=	70000.00000000
SYMKSIQRI	=	70000.00000000
SYNAMDGQI	=	70000.00000000
IYKDKQWSI	=	70000.00000000
KYAANYTKI	=	70000.00000000
KYFYGEIAL	=	70000.00000000
QYITALNHL	=	70370.82106800
AASRPPVTL	>	77083.33333000
SQVPPPSGF	>	77083.33333000
PLSPPPPPP	>	77083.33333000
SPRPEMQEF	=	77100.00000000
LPRPDTRHL	=	77100.00000000
ALYRRIQRR	=	77100.00000000
NTYLFNILY	=	77100.00000000
