AAAANTTAL	=	1.00000000
YISPIFIPM	=	1.00000000
FFSPVIASL	=	1.00000000
AAVKAGASI	=	1.00000000
FLLDYEGTL	=	1.00000000
SAFGGGNAF	=	1.00000000
MAAAAFPAL	=	1.00000000
LAVSAYTPW	=	1.00000000
YTIEGIAFM	=	1.00000000
YVTPRALEL	=	1.00000000
YLAEGHACL	=	2.00000000
YVIKKSSPL	=	2.00000000
RAIEAQQHL	=	2.00000000
FLFMDRDAL	=	5.50000000
RMAATAQVL	=	12.00000000
FQMDYSLEY	=	16.00000000
FSLPSSSSY	=	28.00000000
WMYNIQPYL	=	83.00000000
RVMAPRALL	=	113.00000000
MMQTYTGAL	=	119.00000000
YRYCHQLAL	=	164.00000000
SQDDNYFTL	=	266.00000000
FMPESSYLL	=	443.00000000
YMRERFEPM	=	452.00000000
FMFNDLLKL	=	1246.00000000
RTDAWSYPV	=	1455.00000000
KMFNRASYF	=	2721.00000000
MLREGNQAF	=	20000.00000000
ISDPLTSGL	=	20000.00000000
LAIEATLAF	=	20000.00000000
KVDDTFYYV	=	20000.00000000
KQLEYSWVL	=	20000.00000000
