YLIPAVTSL	=	1.00000000
FAYKTGSSM	=	1.00000000
FAIVPPLQI	=	1.00000000
YSQGAFTPL	=	1.00000000
WALDVPMYF	=	1.00000000
RAVEPGTVL	=	1.00000000
LAYARGQAM	=	1.00000000
YALTEYHAM	=	1.00000000
ITLPISASL	=	1.00000000
FVVDTTPPL	=	2.00000000
AAAVAYPEL	=	2.00000000
VAIDRPAEV	=	2.00000000
VAAHNAEAM	=	2.00000000
FVANFSMEL	=	3.00000000
FLSFASLFL	=	5.00000000
FVHSGFIYF	=	8.00000000
YVFYDGPPF	=	10.00000000
FQLYPPQIL	=	33.00000000
FTIGNMFSL	=	55.00000000
LAANFVVAL	=	124.00000000
YLNKIQNSL	=	148.00000000
RLPAYAPLL	=	206.00000000
YIIPCILIL	=	229.00000000
YLPEVISTI	=	481.00000000
RVYEALYYV	=	1245.00000000
MSWESTAEY	=	1253.00000000
ILDTGTIQL	=	1267.00000000
HLDELTTTL	=	3214.00000000
RLDPRLAPV	=	20000.00000000
RARLVALAV	=	20000.00000000
MSDIFHALV	=	20000.00000000
KLMDVVYSI	=	20000.00000000
YMPDVLEKL	=	20000.00000000
