YIYGIPLSL	=	1.00000000
YIVGYYSAL	=	1.00000000
YGIPFPGSL	=	1.00000000
YLIPSVTSL	=	1.00000000
MAWERGPAL	=	1.00000000
FLYDISISL	=	1.00000000
FSVQRNLPF	=	1.00000000
FLLDGGAPF	=	1.00000000
YSLAGSSPF	=	1.00000000
VAYHFHEPL	=	1.00000000
YVIEPAAGL	=	1.00000000
YALATQVEF	=	1.00000000
KAVYNFATM	=	1.00000000
FMFDSDEAM	=	5.00000000
AATIRVLAL	=	9.00000000
FLPDKAIDL	=	20.00000000
MVVKVNAAL	=	26.00000000
KSYEHQTPF	=	35.00000000
YLRQRQVAL	=	99.00000000
TAKYPNSSDL	=	120.00000000
FLRDNRAVL	=	158.00000000
MMWATAQAL	=	337.00000000
MVRRGVRSL	=	366.00000000
YMQQVSEGL	=	498.00000000
LMDENTYAM	=	592.00000000
YVVWLMFSL	=	2189.00000000
FLRDNLYHV	=	20000.00000000
FLHESDPMV	=	20000.00000000
SMFDSWGPF	=	20000.00000000
SLDDYNHLV	=	20000.00000000
FMPKVNFEV	=	20000.00000000
RLRDAVAQL	=	20000.00000000
