AAAANTTAL	=	1.00000000
YLIPAVTSL	=	1.00000000
YLIGGSATL	=	1.00000000
YIYGIPLSL	=	1.00000000
YIVGYYSAL	=	1.00000000
YISPIFIPM	=	1.00000000
YGIPFPGSL	=	1.00000000
YLIPSVTSL	=	1.00000000
MAWERGPAL	=	1.00000000
FFSPVIASL	=	1.00000000
FAYKTGSSM	=	1.00000000
FATPAFFLI	=	1.00000000
FLYDISISL	=	1.00000000
FAKPAGTPM	=	1.00000000
FSVQRNLPF	=	1.00000000
FLLDGGAPF	=	1.00000000
FAIVPPLQI	=	1.00000000
AAVKAGASI	=	1.00000000
FLLDYEGTL	=	1.00000000
YQAGISAAL	=	1.00000000
FASASSYAI	=	1.00000000
YSQGAFTPL	=	1.00000000
YSLAGSSPF	=	1.00000000
YAINPWMDV	=	1.00000000
WTFTPTTPL	=	1.00000000
WALDVPMYF	=	1.00000000
WAASAETPL	=	1.00000000
VAYHFHEPL	=	1.00000000
SAFGGGNAF	=	1.00000000
RAVEPGTVL	=	1.00000000
MAAAAFPAL	=	1.00000000
LAYARGQAM	=	1.00000000
LAVSAYTPW	=	1.00000000
LANETTQAL	=	1.00000000
YTIEGIAFM	=	1.00000000
YVIEPAAGL	=	1.00000000
YVTPRALEL	=	1.00000000
YALATQVEF	=	1.00000000
YALTEYHAM	=	1.00000000
LAYEHDVPI	=	1.00000000
ITLPISASL	=	1.00000000
KAVYNFATM	=	1.00000000
LAAEEILTL	=	1.00000000
IAAPNMIAV	=	1.00000000
LAYASYFSF	=	2.00000000
YLAEGHACL	=	2.00000000
FVVDTTPPL	=	2.00000000
AAAVAYPEL	=	2.00000000
YVIKKSSPL	=	2.00000000
FAFCRITSF	=	2.00000000
VAIDRPAEV	=	2.00000000
KAAGAAVAL	=	2.00000000
RAIEAQQHL	=	2.00000000
VAAHNAEAM	=	2.00000000
YTLNNGVAM	=	3.00000000
VAAKGAPAL	=	3.00000000
FVANFSMEL	=	3.00000000
FAFKLSFAI	=	4.00000000
FMFDSDEAM	=	5.00000000
FLSFASLFL	=	5.00000000
FLFMDRDAL	=	5.50000000
FVHSGFIYF	=	8.00000000
AATIRVLAL	=	9.00000000
YVFYDGPPF	=	10.00000000
RMAATAQVL	=	12.00000000
FQMDYSLEY	=	16.00000000
FLPDKAIDL	=	20.00000000
MAVGVVLAL	=	24.00000000
YLACKQHAL	=	24.00000000
MVVKVNAAL	=	26.00000000
FSLPSSSSY	=	28.00000000
TMDPSVRVL	=	30.00000000
FQLYPPQIL	=	33.00000000
KSYEHQTPF	=	35.00000000
FTIGNMFSL	=	55.00000000
WMYNIQPYL	=	83.00000000
YLRQRQVAL	=	99.00000000
RVMAPRALL	=	113.00000000
MMQTYTGAL	=	119.00000000
TAKYPNSSDL	=	120.00000000
LAANFVVAL	=	124.00000000
YLNKIQNSL	=	148.00000000
FLRDNRAVL	=	158.00000000
YRYCHQLAL	=	164.00000000
RLPAYAPLL	=	206.00000000
YIIPCILIL	=	229.00000000
MTFPVSLEY	=	240.00000000
YLDAIQQPV	=	256.00000000
SQDDNYFTL	=	266.00000000
MMWATAQAL	=	337.00000000
MVRRGVRSL	=	366.00000000
YMNGTMSQV	=	371.00000000
FMPESSYLL	=	443.00000000
YMRERFEPM	=	452.00000000
YLPEVISTI	=	481.00000000
YMQQVSEGL	=	498.00000000
LMDENTYAM	=	592.00000000
DAMENPLSL	=	625.00000000
RVYEALYYV	=	1245.00000000
FMFNDLLKL	=	1246.00000000
MSWESTAEY	=	1253.00000000
ILDTGTIQL	=	1267.00000000
RTDAWSYPV	=	1455.00000000
YVVWLMFSL	=	2189.00000000
KMFNRASYF	=	2721.00000000
LLDEPTNHL	=	2906.00000000
HLDELTTTL	=	3214.00000000
RLDPRLAPV	=	20000.00000000
RARLVALAV	=	20000.00000000
FLRDNLYHV	=	20000.00000000
VLNETTNWL	=	20000.00000000
MLREGNQAF	=	20000.00000000
MSDIFHALV	=	20000.00000000
ISDPLTSGL	=	20000.00000000
KLDSGAFTV	=	20000.00000000
FLHESDPMV	=	20000.00000000
KLMDVVYSI	=	20000.00000000
SMFDSWGPF	=	20000.00000000
SLDDYNHLV	=	20000.00000000
YLFQWNDNV	=	20000.00000000
YMPDVLEKL	=	20000.00000000
LAIEATLAF	=	20000.00000000
CTDPYSQMV	=	20000.00000000
FMPKVNFEV	=	20000.00000000
FVRELLTEV	=	20000.00000000
ALMDYGFRV	=	20000.00000000
KVDDTFYYV	=	20000.00000000
GLNDYLHSV	=	20000.00000000
RLRDAVAQL	=	20000.00000000
KQLEYSWVL	=	20000.00000000
