YLIGGSATL	=	1.00000000
FATPAFFLI	=	1.00000000
FAKPAGTPM	=	1.00000000
YQAGISAAL	=	1.00000000
FASASSYAI	=	1.00000000
YAINPWMDV	=	1.00000000
WTFTPTTPL	=	1.00000000
WAASAETPL	=	1.00000000
LANETTQAL	=	1.00000000
LAYEHDVPI	=	1.00000000
LAAEEILTL	=	1.00000000
IAAPNMIAV	=	1.00000000
LAYASYFSF	=	2.00000000
FAFCRITSF	=	2.00000000
KAAGAAVAL	=	2.00000000
YTLNNGVAM	=	3.00000000
VAAKGAPAL	=	3.00000000
FAFKLSFAI	=	4.00000000
MAVGVVLAL	=	24.00000000
YLACKQHAL	=	24.00000000
TMDPSVRVL	=	30.00000000
MTFPVSLEY	=	240.00000000
YLDAIQQPV	=	256.00000000
YMNGTMSQV	=	371.00000000
DAMENPLSL	=	625.00000000
LLDEPTNHL	=	2906.00000000
VLNETTNWL	=	20000.00000000
KLDSGAFTV	=	20000.00000000
YLFQWNDNV	=	20000.00000000
CTDPYSQMV	=	20000.00000000
FVRELLTEV	=	20000.00000000
ALMDYGFRV	=	20000.00000000
GLNDYLHSV	=	20000.00000000
