YLVDCGAEL	=	1.00000000
YAYEPGSVM	=	1.00000000
FVAATGRPL	=	1.00000000
ASSEPHCAL	=	1.00000000
ASMDNTSPM	=	1.00000000
YALPSAGAF	=	1.00000000
YAIYTLGEM	=	1.00000000
LANYAFFAI	=	1.00000000
YTYGAGSYF	=	1.00000000
MLMAASRAL	=	2.00000000
VALFSSCPV	=	2.00000000
YVYPDNLPV	=	2.00000000
IASPILFPF	=	3.00000000
FLMYPNNIF	=	15.00000000
FLADYGWRL	=	26.00000000
IMYNYPAML	=	45.00000000
FYNIPPMPL	=	51.00000000
FLRKNQRAL	=	52.00000000
YVLNGYTEF	=	60.00000000
ITIPIGLYL	=	94.00000000
HAPWTQMAM	=	141.00000000
ILRNPGYAL	=	157.00000000
YTNYPFLFF	=	159.00000000
ILRNPGFAL	=	211.00000000
WLDSVIQYL	=	240.00000000
HMIDKLFYV	=	787.00000000
FHYQDPFPL	=	1393.00000000
VMPPRTLLL	=	20000.00000000
ITDQVPFSV	=	20000.00000000
YAREAGIAM	=	20000.00000000
YLDNVGVHI	=	20000.00000000
RLREALCAV	=	20000.00000000
YLPDPTVGV	=	20000.00000000
HIMPNSFRV	=	20000.00000000
