YLVDCGAEL	=	1.00000000
YLIPAVTSL	=	1.00000000
YLIGGSATL	=	1.00000000
YIYGIPLSL	=	1.00000000
YIVGYYSAL	=	1.00000000
YGIPFPGSL	=	1.00000000
YAYEPGSVM	=	1.00000000
YLIPSVTSL	=	1.00000000
FVAATGRPL	=	1.00000000
MAWERGPAL	=	1.00000000
FAYKTGSSM	=	1.00000000
FATPAFFLI	=	1.00000000
FLYDISISL	=	1.00000000
FAKPAGTPM	=	1.00000000
FSVQRNLPF	=	1.00000000
FLLDGGAPF	=	1.00000000
FAIVPPLQI	=	1.00000000
ASSEPHCAL	=	1.00000000
ASMDNTSPM	=	1.00000000
YALPSAGAF	=	1.00000000
YQAGISAAL	=	1.00000000
FASASSYAI	=	1.00000000
YSQGAFTPL	=	1.00000000
YSLAGSSPF	=	1.00000000
YAINPWMDV	=	1.00000000
WTFTPTTPL	=	1.00000000
WALDVPMYF	=	1.00000000
WAASAETPL	=	1.00000000
VAYHFHEPL	=	1.00000000
RAVEPGTVL	=	1.00000000
YAIYTLGEM	=	1.00000000
LAYARGQAM	=	1.00000000
LANYAFFAI	=	1.00000000
LANETTQAL	=	1.00000000
YTYGAGSYF	=	1.00000000
YVIEPAAGL	=	1.00000000
YALATQVEF	=	1.00000000
YALTEYHAM	=	1.00000000
LAYEHDVPI	=	1.00000000
ITLPISASL	=	1.00000000
KAVYNFATM	=	1.00000000
LAAEEILTL	=	1.00000000
IAAPNMIAV	=	1.00000000
LAYASYFSF	=	2.00000000
FVVDTTPPL	=	2.00000000
AAAVAYPEL	=	2.00000000
FAFCRITSF	=	2.00000000
VAIDRPAEV	=	2.00000000
KAAGAAVAL	=	2.00000000
MLMAASRAL	=	2.00000000
VAAHNAEAM	=	2.00000000
VALFSSCPV	=	2.00000000
YVYPDNLPV	=	2.00000000
YTLNNGVAM	=	3.00000000
VAAKGAPAL	=	3.00000000
FVANFSMEL	=	3.00000000
IASPILFPF	=	3.00000000
FAFKLSFAI	=	4.00000000
FMFDSDEAM	=	5.00000000
FLSFASLFL	=	5.00000000
FVHSGFIYF	=	8.00000000
AATIRVLAL	=	9.00000000
YVFYDGPPF	=	10.00000000
FLMYPNNIF	=	15.00000000
FLPDKAIDL	=	20.00000000
MAVGVVLAL	=	24.00000000
YLACKQHAL	=	24.00000000
FLADYGWRL	=	26.00000000
MVVKVNAAL	=	26.00000000
TMDPSVRVL	=	30.00000000
FQLYPPQIL	=	33.00000000
KSYEHQTPF	=	35.00000000
IMYNYPAML	=	45.00000000
FYNIPPMPL	=	51.00000000
FLRKNQRAL	=	52.00000000
FTIGNMFSL	=	55.00000000
YVLNGYTEF	=	60.00000000
ITIPIGLYL	=	94.00000000
YLRQRQVAL	=	99.00000000
TAKYPNSSDL	=	120.00000000
LAANFVVAL	=	124.00000000
HAPWTQMAM	=	141.00000000
YLNKIQNSL	=	148.00000000
ILRNPGYAL	=	157.00000000
FLRDNRAVL	=	158.00000000
YTNYPFLFF	=	159.00000000
RLPAYAPLL	=	206.00000000
ILRNPGFAL	=	211.00000000
YIIPCILIL	=	229.00000000
WLDSVIQYL	=	240.00000000
MTFPVSLEY	=	240.00000000
YLDAIQQPV	=	256.00000000
MMWATAQAL	=	337.00000000
MVRRGVRSL	=	366.00000000
YMNGTMSQV	=	371.00000000
YLPEVISTI	=	481.00000000
YMQQVSEGL	=	498.00000000
LMDENTYAM	=	592.00000000
DAMENPLSL	=	625.00000000
HMIDKLFYV	=	787.00000000
RVYEALYYV	=	1245.00000000
MSWESTAEY	=	1253.00000000
ILDTGTIQL	=	1267.00000000
FHYQDPFPL	=	1393.00000000
YVVWLMFSL	=	2189.00000000
LLDEPTNHL	=	2906.00000000
HLDELTTTL	=	3214.00000000
RLDPRLAPV	=	20000.00000000
RARLVALAV	=	20000.00000000
FLRDNLYHV	=	20000.00000000
VLNETTNWL	=	20000.00000000
VMPPRTLLL	=	20000.00000000
ITDQVPFSV	=	20000.00000000
MSDIFHALV	=	20000.00000000
YAREAGIAM	=	20000.00000000
KLDSGAFTV	=	20000.00000000
YLDNVGVHI	=	20000.00000000
FLHESDPMV	=	20000.00000000
KLMDVVYSI	=	20000.00000000
RLREALCAV	=	20000.00000000
SMFDSWGPF	=	20000.00000000
SLDDYNHLV	=	20000.00000000
YLFQWNDNV	=	20000.00000000
YLPDPTVGV	=	20000.00000000
HIMPNSFRV	=	20000.00000000
YMPDVLEKL	=	20000.00000000
CTDPYSQMV	=	20000.00000000
FMPKVNFEV	=	20000.00000000
FVRELLTEV	=	20000.00000000
ALMDYGFRV	=	20000.00000000
GLNDYLHSV	=	20000.00000000
RLRDAVAQL	=	20000.00000000
