AAAANTTAL	=	1.00000000
YLVDCGAEL	=	1.00000000
YLIPAVTSL	=	1.00000000
YIYGIPLSL	=	1.00000000
YIVGYYSAL	=	1.00000000
YISPIFIPM	=	1.00000000
YGIPFPGSL	=	1.00000000
YAYEPGSVM	=	1.00000000
YLIPSVTSL	=	1.00000000
FVAATGRPL	=	1.00000000
MAWERGPAL	=	1.00000000
FFSPVIASL	=	1.00000000
FAYKTGSSM	=	1.00000000
FLYDISISL	=	1.00000000
FSVQRNLPF	=	1.00000000
FLLDGGAPF	=	1.00000000
FAIVPPLQI	=	1.00000000
ASSEPHCAL	=	1.00000000
ASMDNTSPM	=	1.00000000
AAVKAGASI	=	1.00000000
FLLDYEGTL	=	1.00000000
YALPSAGAF	=	1.00000000
YSQGAFTPL	=	1.00000000
YSLAGSSPF	=	1.00000000
WALDVPMYF	=	1.00000000
VAYHFHEPL	=	1.00000000
SAFGGGNAF	=	1.00000000
RAVEPGTVL	=	1.00000000
YAIYTLGEM	=	1.00000000
MAAAAFPAL	=	1.00000000
LAYARGQAM	=	1.00000000
LANYAFFAI	=	1.00000000
LAVSAYTPW	=	1.00000000
YTIEGIAFM	=	1.00000000
YTYGAGSYF	=	1.00000000
YVIEPAAGL	=	1.00000000
YVTPRALEL	=	1.00000000
YALATQVEF	=	1.00000000
YALTEYHAM	=	1.00000000
ITLPISASL	=	1.00000000
KAVYNFATM	=	1.00000000
YLAEGHACL	=	2.00000000
FVVDTTPPL	=	2.00000000
AAAVAYPEL	=	2.00000000
YVIKKSSPL	=	2.00000000
VAIDRPAEV	=	2.00000000
MLMAASRAL	=	2.00000000
RAIEAQQHL	=	2.00000000
VAAHNAEAM	=	2.00000000
VALFSSCPV	=	2.00000000
YVYPDNLPV	=	2.00000000
FVANFSMEL	=	3.00000000
IASPILFPF	=	3.00000000
FMFDSDEAM	=	5.00000000
FLSFASLFL	=	5.00000000
FLFMDRDAL	=	5.50000000
FVHSGFIYF	=	8.00000000
AATIRVLAL	=	9.00000000
YVFYDGPPF	=	10.00000000
RMAATAQVL	=	12.00000000
FLMYPNNIF	=	15.00000000
FQMDYSLEY	=	16.00000000
FLPDKAIDL	=	20.00000000
FLADYGWRL	=	26.00000000
MVVKVNAAL	=	26.00000000
FSLPSSSSY	=	28.00000000
FQLYPPQIL	=	33.00000000
KSYEHQTPF	=	35.00000000
IMYNYPAML	=	45.00000000
FYNIPPMPL	=	51.00000000
FLRKNQRAL	=	52.00000000
FTIGNMFSL	=	55.00000000
YVLNGYTEF	=	60.00000000
WMYNIQPYL	=	83.00000000
ITIPIGLYL	=	94.00000000
YLRQRQVAL	=	99.00000000
RVMAPRALL	=	113.00000000
MMQTYTGAL	=	119.00000000
TAKYPNSSDL	=	120.00000000
LAANFVVAL	=	124.00000000
HAPWTQMAM	=	141.00000000
YLNKIQNSL	=	148.00000000
ILRNPGYAL	=	157.00000000
FLRDNRAVL	=	158.00000000
YTNYPFLFF	=	159.00000000
YRYCHQLAL	=	164.00000000
RLPAYAPLL	=	206.00000000
ILRNPGFAL	=	211.00000000
YIIPCILIL	=	229.00000000
WLDSVIQYL	=	240.00000000
SQDDNYFTL	=	266.00000000
MMWATAQAL	=	337.00000000
MVRRGVRSL	=	366.00000000
FMPESSYLL	=	443.00000000
YMRERFEPM	=	452.00000000
YLPEVISTI	=	481.00000000
YMQQVSEGL	=	498.00000000
LMDENTYAM	=	592.00000000
HMIDKLFYV	=	787.00000000
RVYEALYYV	=	1245.00000000
FMFNDLLKL	=	1246.00000000
MSWESTAEY	=	1253.00000000
ILDTGTIQL	=	1267.00000000
FHYQDPFPL	=	1393.00000000
RTDAWSYPV	=	1455.00000000
YVVWLMFSL	=	2189.00000000
KMFNRASYF	=	2721.00000000
HLDELTTTL	=	3214.00000000
RLDPRLAPV	=	20000.00000000
RARLVALAV	=	20000.00000000
FLRDNLYHV	=	20000.00000000
VMPPRTLLL	=	20000.00000000
ITDQVPFSV	=	20000.00000000
MLREGNQAF	=	20000.00000000
MSDIFHALV	=	20000.00000000
YAREAGIAM	=	20000.00000000
ISDPLTSGL	=	20000.00000000
YLDNVGVHI	=	20000.00000000
FLHESDPMV	=	20000.00000000
KLMDVVYSI	=	20000.00000000
RLREALCAV	=	20000.00000000
SMFDSWGPF	=	20000.00000000
SLDDYNHLV	=	20000.00000000
YLPDPTVGV	=	20000.00000000
HIMPNSFRV	=	20000.00000000
YMPDVLEKL	=	20000.00000000
LAIEATLAF	=	20000.00000000
FMPKVNFEV	=	20000.00000000
KVDDTFYYV	=	20000.00000000
RLRDAVAQL	=	20000.00000000
KQLEYSWVL	=	20000.00000000
