LPNPAFIHI	=	1.01413867
IPQSLKSWWTSL	=	1.08000000
IPFIAYFVL	=	1.47343000
NPLSNPFYM	=	1.62232800
IPQQLDSWWTSL	=	1.68750000
IPQSLWSWWTSL	=	2.45454500
IPQWLDSWWTSL	=	3.69863000
IPQSLDAWWTSL	=	4.02985100
LPQSCYLNF	=	7.43259800
YPHYMPTNL	=	9.64285700
YPMDNVINF	=	10.12893333
RPQASGVAM	=	12.27272700
IPQNLDSWWTSL	=	12.27272700
IPQSLDSAWTSL	=	12.85714300
IPESLDSWWTSL	=	13.50000000
APQSLDSWWTSL	=	15.00000000
IPQSLPSWWTSL	=	16.87500000
IPQSLDSWWTSL	=	18.57513788
IPQRLDSWWTSL	=	27.90781544
IPQHLDSWWTSL	=	39.13043500
IPAALIILL	=	55.21247267
IPQSLDSWWTRL	=	72.52406643
YPQSLDSWWTSL	=	90.00000000
FPVRPQVPF	=	112.33333333
IPQSLDSWGTSL	=	135.00000000
FPVRPQVPL	=	192.90476200
FPHCLAFSYM	=	391.20289867
HSQSLDRLMNPLIDQ	<	500.00000000
GPGRAFYTT	<	500.00000000
RSASGGYYL	<	500.00000000
RAQASGVYM	<	500.00000000
YPHFMCTNL	<	500.00000000
YPHFMATNL	<	500.00000000
YPHFCPTNL	<	500.00000000
YPHFAPTNL	<	500.00000000
APTAGAFFK	<	500.00000000
NPIRVGMSM	=	552.90827500
FAAEAAYEF	=	856.97013500
IPQSLDSWWTSA	=	931.03448300
FAPGNYPAL	=	1176.97875667
LPGEVLLRF	=	1276.29316800
QLSPAPFDL	<	1500.00000000
SPTRQSPYA	=	1922.19084133
PVIVADDLT	=	3719.05490267
LPIFFCLWV	=	3858.09523800
YMNTPGLPVC	>	5000.00000000
APTAGAFFV	<	5000.00000000
VYFLWTKIL	>	5000.00000000
CWDELTKLI	>	5000.00000000
VRLRAYMNTP	>	5000.00000000
GPTAGAFFA	<	5000.00000000
RPQASGVYK	>	5000.00000000
MNTPGLPVCQ	>	5000.00000000
FPILAELAP	>	5000.00000000
TPDGQQKQL	>	5000.00000000
TYQRTRALVTG	>	5000.00000000
PPVILLISFL	>	5000.00000000
QPNSGSVVP	>	5000.00000000
RGPNAGSRF	>	5000.00000000
ESNGTNAYM	>	5000.00000000
AYPPPPPTLA	>	5000.00000000
IPQSLDSWRTSL	=	8911.32788623
TPARVTGGVF	=	9000.00000000
RLKTSGVYM	=	12272.72727150
TPPDVTNWM	=	15014.83680000
CFDVFKEL	=	17675.49205833
YPELEEVQSL	=	24409.66875200
GPCRTCMTTA	=	27000.00000000
SYIPSAEKI	=	30810.75549233
IAQSLDSWWTSL	>	35000.00000000
HYISMGTSGL	=	38591.45443900
SSLENFRAYV	=	48377.12103467
KPSDGNCTCI	=	50000.00000000
IPQSLDSWW	>	50000.00000000
IPQSLDSWATSL	>	50000.00000000
FPVRPQVPT	=	50000.00000000
FPVRPQVPK	>	50000.00000000
FAVRPQVPL	=	50000.00000000
FDVRPQVPL	>	50000.00000000
PPLRNTHPQA	=	50000.00000000
ISTQNHRALDLVA	=	50000.00000000
FQVRPQVPL	>	50000.00000000
FKVRPQVPL	>	50000.00000000
NPNKDTWPDA	=	50000.00000000
KAVYNYATM	>	50000.00000000
PCRIPVIVA	>	53094.66666667
KVCYNAVLT	>	53094.66666667
RIPVIVADD	>	53094.66666667
CRIPVIVAD	=	54239.11983300
LPEYNDGLL	=	60014.82030000
KYAAAVAGL	=	63888.55077900
NTYLFNILYK	=	64600.00000000
GPFDLALDV	=	66794.04396000
ILMIFISSFL	=	69200.00000000
AFDVFKEL	=	70043.26998500
GLFDFVNFV	=	77100.00000000
SSYRRPVGI	=	77100.00000000
ILDDNLYKV	=	77100.00000000
