NHINVYLSL	<	1.00000000
NHINFELSL	<	1.00000000
NHINMELSL	<	1.00000000
NHINVWLSL	=	1.94412100
DHSFSLEL	=	1.99306200
NHINYELSL	=	2.92706800
NHISVELSL	=	6.69459300
NHINVCLSL	=	7.31295000
NHIEVELSL	=	7.71880100
SHSHVGYTL	=	10.43910400
NHNNVELSL	=	11.39043800
NHQDVAGVFAL	=	12.38824100
VPSLQYLAL	=	12.81501800
NHINVELEL	=	14.98765200
SHINVELSL	=	17.18424400
HHGPMAVAF	=	20.73728200
NHINVEWSL	=	22.66925000
YQILQPIL	=	23.62446100
NHVFPLLL	=	24.75789700
MHINVELSL	=	28.03589500
NHITVELSL	=	29.58426700
NHIIVELSL	=	33.26961700
FRQYTAFTL	=	39.30925600
NHIYDRHGDTL	=	42.09049400
NHINVEHSL	=	57.72325200
DHAVSPRQL	=	63.05149300
NHRNVELSL	=	70.34873500
VHAQIVSTL	=	73.89048900
NHINVELSM	=	78.97115100
FRYCAPPGYAL	=	101.23316300
NHINVELSA	=	105.85024700
YHINVELSL	=	129.01611800
NHINVELQL	=	130.41862800
SHSGREVVM	=	132.63624800
VHINVELSL	=	136.76775100
NHTIYINNM	=	137.31174100
GHINVELSL	=	154.52012500
CHINVELSL	=	196.72642300
NHINVELML	=	207.70832700
IHFLIRQL	=	222.82808700
VQQQQQLL	=	253.60130300
THIQQDPAL	=	306.01618300
WRNATIPLF	=	598.59131900
NYIYDRYGDTL	=	764.59748200
IRYPKTFGWL	=	836.68541300
IHFLIRQLIRL	=	879.01442100
WHKVGKNVYL	=	882.29875800
IQQLQNLAI	=	886.03463900
YKSNVKEL	=	900.45110600
QQEKNMYEL	=	1175.02722400
IHQEDKIL	=	1190.81191300
QRALFMHF	=	1312.97907800
VQYMDDIL	=	1477.45660800
NHCNTSVI	=	1776.93265500
NQTNITMSAEV	=	2045.97055200
IHINVELSL	=	2504.83514300
RQTALFLLKL	=	2544.51902200
SRVYQILQPI	=	2573.03575100
MHFRGGCIHSR	=	2731.48918200
FLRGRAYGI	=	3701.60215600
IQQEKNMYEL	=	4039.14118700
DRFGLAEGL	=	4246.89947600
WHSLIKYLK	=	4486.95481300
HRILDIYL	=	7549.98330700
YVIKVSARV	=	7785.44242600
RQTALFLL	=	7907.27576400
NHLPRELI	=	8058.08313100
YEFLQPILL	=	9732.95128000
WHGRDNRTII	=	9743.99541600
SHLEVQGY	=	9796.08738100
AHIEGQPVEVL	=	10493.55232000
ERYFRIHSL	=	10907.24637000
HKYQVPSLQYL	=	11200.74383000
NSINVELSL	=	11338.91799000
CRLIRGKMTL	=	11916.06013000
FISTPPLVRL	=	13793.22154000
RIVIYIVQML	=	14188.05892000
NHINVELSQ	=	22318.31518000
NIFGRNLL	=	22947.61303000
GQPGGGNPL	=	23320.47952000
NREAVNHL	=	29524.49139000
CRTLLSRVYQI	=	30501.98407000
YTAVVPLVY	=	36578.29459000
VQQIGGNYVHL	=	38160.15693000
LHINVELSL	=	42937.83666000
LQYGWSYFH	=	46106.94460000
NIYRRWIQLGL	=	48854.55659000
FSSPPSYF	=	50330.75000000
GRQTALFLL	=	50793.49722000
SAIPPSRSML	=	51261.16000000
VQLGIPHPAGL	=	55558.98523000
SGPSNTYPEI	=	60975.60976000
QRIREVLRTEL	>	63291.13924000
GQMPRQTGGFF	>	63291.13924000
SRPSGDLRQRL	>	63291.13924000
LRPNGKKKYML	>	63291.13924000
AHKGIGGNQEI	>	63291.13924000
KRRWRRRWQQL	>	63291.13924000
RQQELLRL	=	63336.82399000
NRRGLRMAK	>	70422.53521000
AQLNAWGCAF	>	70422.53521000
NRTYIYWHG	>	70422.53521000
GQMPRQTGGF	>	70422.53521000
WQMDCTHL	>	70422.53521000
WRMLIDFRE	>	70422.53521000
LQYGWSYFHE	>	70422.53521000
EREEELRKRL	>	70422.53521000
VEAMNHHL	>	70422.53521000
MHCKKGCRCL	>	70422.53521000
DLTCNSTVTSL	>	70422.53521000
WDVFGNWF	>	70422.53521000
YSARRHRIL	>	70422.53521000
PQETGRQTAL	>	70422.53521000
QQIGGNYVHL	>	70422.53521000
IQNANPDCKL	>	70422.53521000
HHLKNQIDRI	>	70422.53521000
DRPKQAWCWF	>	70422.53521000
TDVTPNYADIL	>	70422.53521000
KFYGPFVDR	>	78125.00000000
LQRALFMHF	>	78125.00000000
GLYSSTVPV	>	78125.00000000
GHQAAMQML	>	78125.00000000
FPYSTFPII	>	78125.00000000
FRYNGLIHR	>	78125.00000000
NDINVELSL	>	78125.00000000
RQGLELTLL	>	78125.00000000
AEFKYIAAV	>	78125.00000000
NVINVELSL	>	78125.00000000
GQVPKFHL	>	87719.29825000
PRRIRQGL	>	87719.29825000
GRQTALFL	>	87719.29825000
WHKVGKNV	>	87719.29825000
LQGGDRGF	>	87719.29825000
LREQENSL	>	87719.29825000
GQPVEVLL	>	87719.29825000
