NHINVHLSL	<	1.00000000
NHIYVELSL	=	1.06210700
NHIKVELSL	=	1.07256300
NHINIELSL	=	1.45780000
NHINVFLSL	=	2.01048200
NHICVELSL	=	2.21793200
NHINVQLSL	=	2.30016500
NHINTELSL	=	2.87038400
NHINNELSL	=	3.02365100
NHINSELSL	=	3.07754300
NHIDVELSL	=	3.10044900
NHIGVELSL	=	4.55628500
NHSNVELSL	=	5.53228800
NHINPELSL	=	7.21990200
NHINWELSL	=	7.70846100
NHINKELSL	=	8.67545800
NHQNVELSL	=	9.00608000
NHINVEKSL	=	12.47071900
NHDFQALAL	=	12.51869700
THTNGVRLL	=	13.14182600
NHIYNRYGDTL	=	16.09329600
NHKNVELSL	=	16.82064000
NHINAELSL	=	17.02356300
NHIKYAVTT	=	20.43646000
NHALPLPGF	=	21.05694200
DHINVELSL	=	25.30748100
YHSEVPVSL	=	30.75310000
NHQKDIQVL	=	31.67538700
NHINVECSL	=	43.61633100
RHINVELSL	=	83.13226600
VHFIKPLLL	=	103.18477500
NHINVEQSL	=	109.95416100
NHCNVELSL	=	125.50374200
NHINVEYSL	=	125.81111400
NHINVELSI	=	128.83649000
NHTIYINNL	=	142.89506500
NHINVELKL	=	160.87462700
NHINVELDL	=	173.22764000
NHFEGHYQY	=	186.48106600
SRVYQILQPIL	=	310.35481600
WLFSNCRTL	=	378.85589800
NRVTQDFTEV	=	446.79049200
THSSTFDAGAGIAL	=	470.19853100
SPAIFQYTM	=	523.19092700
NHINVELNL	=	650.00873100
IHFLIRQLI	=	683.35205600
NQINVELSL	=	816.82301600
EHINVELSL	=	982.34968100
NHINVELSN	=	1069.70728400
NHINVELSC	=	1227.37993900
NHINVELST	=	1402.94192700
WDFISTPPL	=	1549.40246300
NIFGRNLLTA	=	1666.07554300
SRYPEALRL	=	2044.72864400
SHIPQSSSY	=	2115.73927600
NQLLIAIL	=	2382.37541500
VHVASGFIE	=	2498.25014200
SAMGAASLTL	=	2509.02282300
SRTLLAGIV	=	2958.06591800
VHVASGFIEA	=	3052.64186200
RNKRGVFVL	=	3910.94638800
WHGRDNRTI	=	4204.27771400
SRNKRGVFVL	=	4904.15335400
IRQLIRLL	=	5140.06834900
HTDTTVKF	=	6031.64394600
VIYIVQML	=	6687.54349600
IHFLIRQLIR	=	7047.21809900
YHCQFCFL	=	7461.31543300
VTIMSGLVF	=	8215.33205400
GVILLRIVI	=	9329.67350200
THLEGKII	=	9465.47493300
MRHVLEPF	=	9558.01080200
NHINVELSK	=	10955.27502000
IQKLVGVL	=	11885.07083000
IRQLIRLLTWL	=	11977.24945000
WHLTPEKGWL	=	12430.69781000
LRTMSYKL	=	13246.99698000
VKNWMTQTL	=	15268.46113000
TQTSTWFGF	=	15858.35775000
NLINVELSL	=	19845.14712000
QQAELEAF	=	20035.45405000
NIFGRNLLT	=	21620.52246000
WRRRWQQLL	=	23094.74981000
EQAIEDVWQL	=	23878.66084000
NITMSAEVA	=	25357.52581000
TQDFTEVQL	=	25861.30021000
CRFPRAHKYQV	=	27716.25439000
THLEGKIII	=	27945.61041000
NQQAELEAFL	=	32816.70812000
KSINKVYGK	=	36659.80785000
PQGWKGSPAIF	=	41419.93924000
IQYGVYIVVGV	=	44298.11950000
RRAIRGEQLL	=	45447.03417000
GANFPGLAKVL	=	46360.86460000
RRLTARGL	=	50728.10065000
IREVLRTEL	=	58345.00350000
MQSPKKTGML	=	61803.80006000
VRRRLTARGLL	>	63291.13924000
KHLCRLIRGKM	>	63291.13924000
DRVVLQSKELL	>	63291.13924000
ISDSNPYLTQW	>	63291.13924000
QHKRNYVPCHI	>	63291.13924000
LRCNDTNYSGF	>	63291.13924000
ETFGFEIQSY	=	65472.85011000
MHFRGGCIH	=	68518.87000000
RRRLTARGLL	>	70422.53521000
RRRLTARGL	>	70422.53521000
GSAMGAASL	>	70422.53521000
NRHGDTLEG	>	70422.53521000
NRTRHCQPE	>	70422.53521000
IIVAVHVASGF	>	70422.53521000
NSTVTSLIANI	>	70422.53521000
ATPYDINQML	>	70422.53521000
NMYELQKLN	>	70422.53521000
HQAAMQIIRDI	>	70422.53521000
WRRDNRRGL	>	70422.53521000
RRGGRWILA	>	70422.53521000
SQGIRQILFL	>	70422.53521000
LQYGWSYFHEA	>	70422.53521000
AYFSIPLDEEF	>	70422.53521000
VQAVWRSATET	>	70422.53521000
NDTNYSGF	>	70422.53521000
YIVVGVILL	>	70422.53521000
SQGIRQVLF	>	70422.53521000
SYVKYRYLCL	>	70422.53521000
KHTEEAKQI	>	78125.00000000
SEIDLILGY	>	78125.00000000
NGINVELSL	>	78125.00000000
AQEDEEHYL	>	78125.00000000
KAGQYVTIW	>	78125.00000000
KRQQELLRL	>	78125.00000000
KTKDYVNGL	>	78125.00000000
AQFSPQYL	>	87719.29825000
SRNKRGVF	>	87719.29825000
EQMISCKF	>	87719.29825000
PHYTPKIV	>	87719.29825000
KRKRITVL	>	87719.29825000
