NHIRVELSL	<	1.00000000
NHIFVELSL	<	1.00000000
NHILVELSL	<	1.00000000
NHINVTLSL	=	1.13306300
NHFNVELSL	=	1.80219500
NHANVELSL	=	2.14160000
NHINVKLSL	=	2.19038400
NHINQELSL	=	2.23141200
NHINVDLSL	=	2.74464000
NHIQVELSL	=	3.00512500
WQIEYIHFL	=	3.23633500
NHTNVELSL	=	4.49141400
NHVNVELSL	=	5.66747500
NHINVELSL	=	9.48530533
NHHNVELSL	=	10.19086900
WHSLIKYL	=	10.19855700
NHINVERSL	=	11.96012200
NHINVEASL	=	16.07688400
NHAPSVQI	=	17.01941000
NHINVPLSL	=	20.43445400
NHINVELAL	=	30.17753400
HSPVVNEL	=	36.78505800
NHINVELFL	=	41.41292600
SHVSLVQLTL	=	42.94303500
NHENVELSL	=	69.87893700
YRHDGGNVL	=	80.80267600
EHAHNMRVM	=	84.39834000
AHSPLAAQL	=	86.54566600
NHVITKTMEL	=	93.25616000
NHINVEDSL	=	110.71131000
NHINVELYL	=	115.30929700
FHINVELSL	=	140.87748500
NHLPRELIF	=	143.93713300
NHINVELIL	=	158.20043100
SHLEVQGYWHL	=	209.21365400
QHINVELSL	=	219.86007200
FQYTMRHVL	=	234.11049500
PHINVELSL	=	251.61639300
NHINVETSL	=	269.54039400
NHINVEPSL	=	322.39216200
RGFAAPQFSL	=	358.88801500
DHQAAMQII	=	472.75441800
MHFRGGCI	=	497.88861900
YQAVVPLVY	=	524.79433500
HQAAMQII	=	852.68911500
RRWQQLLAL	=	899.66539400
NQTNITMSA	=	932.48356400
VRMYNPTNIL	=	999.54343300
RRRWQQLLAL	=	1086.76948700
NQLLIAILL	=	1140.31713000
KHINVELSL	=	1255.79481400
NHINVELSG	=	1751.01721800
YHEDIHTYL	=	1933.52421100
NHEREEEL	=	1939.59964900
YHSNVKELV	=	1984.42418300
NMINVELSL	=	2051.78652100
DHQAAFQYI	=	2062.67669500
VHLPLSPRTL	=	2271.60638900
KHVVWAANEL	=	2471.48791600
NHINVELSH	=	2685.93585900
NKINVELSL	=	3172.49443700
PPFQWMGYEL	=	3523.45856500
CQKILSVL	=	3891.24972000
IQFQQSKNSKF	=	4221.78606800
NHLPRELIFQV	=	4694.08872500
RHRILDIYL	=	4763.42724100
EQTTNQQAEL	=	4880.23679000
SHFIKEKGGL	=	4996.34165200
NRDTWGTTQCL	=	5991.81411000
NIINVELSL	=	6228.00083400
WLFSNCRTLL	=	6560.79851400
DIQKLVGVL	=	6887.86966600
RQLIRLLTWLF	=	7687.19672300
NHHLKNQIDRI	=	7713.95540000
NSKFKNFRV	=	7912.51892500
NHINVELSE	=	11463.06681000
FQWMGYEL	=	11614.66038000
RRAARAEYL	=	12916.40431000
YQILQPILQRL	=	14750.35357000
GSAMGAASLTL	=	15924.29369000
NFPGLAKVL	=	16899.89856000
IRILQRAL	=	18642.24426000
NQLLIAILLL	=	19759.29617000
LRRGGRWIL	=	24811.52793000
GRDNRTIISL	=	25541.29800000
CRRPGNKTVL	=	26175.49136000
YCAPPGYALL	=	27486.88273000
NEINVELSL	=	27853.53236000
DQLWKGPGELL	=	31956.87454000
PRAHKYQVPSL	=	32851.50697000
QQTHIQQDPAL	=	34417.34190000
LRIVIYIVQM	=	37943.08254000
SVYGIYCTL	=	38700.43230000
ERWHSLIKYL	=	40888.36934000
PHFKVGWAWWT	=	47972.81000000
CRTLLSRVY	=	50999.17178000
NHHLKNQI	=	52704.62767000
RGYVFQGL	=	55679.42540000
PRRIRQGLEL	=	57936.22183000
IPQSLDSYWTSL	>	58139.53488000
NCINVELSL	=	60332.99172000
FRELNRVTQDF	>	63291.13924000
VAELYRLEL	=	65932.31000000
SEAAYAKKI	=	67267.27940000
KHYWDAIRF	>	70422.53521000
CIAQDNCTGL	>	70422.53521000
IRILQRALF	>	70422.53521000
NYIYDRHGDTL	>	70422.53521000
IHQEDKILKV	>	70422.53521000
DAIRFRYCA	>	70422.53521000
RRGGRWIL	>	70422.53521000
RQVLFLEKI	>	70422.53521000
AQDNCTGL	>	70422.53521000
PQPAPQQGQL	>	70422.53521000
EQEQMISCKF	>	70422.53521000
MYNPTNIL	>	70422.53521000
VEKAVATAPGL	>	70422.53521000
NHCNTSVIQE	>	70422.53521000
WDDPWGEVL	>	70422.53521000
NGDYSEVAL	>	70422.53521000
DLAIQQLQNL	>	70422.53521000
QQELLRLTV	>	70422.53521000
VHVASGFIEAE	>	70422.53521000
TTVPWPNASL	>	70422.53521000
RRLTARGLL	>	78125.00000000
YVFPVIFSR	>	78125.00000000
RRPGNKTVL	>	78125.00000000
ERYFRINSL	>	78125.00000000
LHTDNGANF	>	78125.00000000
QQAELEAFL	>	78125.00000000
ARGETYGRL	>	78125.00000000
NYINVELSL	>	78125.00000000
GDYKLVEI	>	87719.29825000
PRQTGGFF	>	87719.29825000
KQIVQRHL	>	87719.29825000
VGNVYVKF	>	87719.29825000
