NHINLELSL	<	1.00000000
NHINRELSL	=	1.18427200
NHINVLLSL	=	1.24777200
NHINGELSL	=	1.27775700
NHINVSLSL	=	1.61187300
NHINVGLSL	=	1.84237300
NHINVEFSL	=	1.87624300
NHIHVELSL	=	2.13351600
NHINVVLSL	=	2.33585000
NHINEELSL	=	2.79201000
NHINVELVL	=	2.94577600
NHINVEISL	=	4.98298800
YHSNVKELVF	=	6.17574200
FHSNIKEL	=	9.93663700
WRMLIDFREL	=	10.20582800
NHINVILSL	=	10.31957500
NHIEPLKIQL	=	10.47585700
NHWNVELSL	=	10.79471200
NHINCELSL	=	12.21576200
NHINVELTL	=	12.53332400
NHINVEMSL	=	12.94235100
SHAQTVVL	=	18.16182600
NHDNVELSL	=	22.31797800
HHINVELSL	=	23.20200800
NHINVELLL	=	25.13920300
LHGWAFTL	=	31.83226400
NHQKNLVEL	=	33.40830300
NHTALTVVM	=	33.64102100
NHINVELRL	=	39.24368100
IHGQANSDL	=	65.46549000
NHSAASAMAL	=	70.34450000
NHINVELHL	=	76.99294600
NQQPSNYGPM	=	77.33148900
THFLQPIYL	=	128.57773000
VHAELADVL	=	139.01558700
AHINVELSL	=	145.99191100
RQYTAFTL	=	150.61999400
VHKPGPITL	=	181.15489800
WRNATIPL	=	200.11966300
KHFDPRLLTAL	=	227.40898600
NHINVENSL	=	231.57407200
NHINVEVSL	=	235.23792200
DHQAAMQI	=	380.32185900
DAYFSIPL	=	520.35382500
KHFDPRLL	=	627.01014400
SHSSDLSTI	=	919.09478900
LHSTYFPCF	=	948.89839200
LQRLSATL	=	1230.41480400
WQIEYIHF	=	1243.35150800
WRRRWQQLLAL	=	1264.61875800
AIFQYTMRHVL	=	1542.88913600
LQKLNSWDVF	=	1552.19787900
MHFRGGCIHS	=	1888.27629300
YRRWIQLGL	=	1983.60229100
VHVASGFI	=	1986.18275800
IQYGVYIVV	=	2598.92145300
WRSATETL	=	3350.91457200
RILHNFAYSL	=	3868.56024200
NHINVELSD	=	5946.32382800
RQAGFLGL	=	6002.48314100
YRYLCLIQKAL	=	6097.13895000
NHINVELSY	=	7495.60018700
WQVTWIPEWDF	=	7704.48950400
PHFKVGWAW	=	8295.39948600
RRWRRRWQQL	=	9691.12368100
FRKANPDVTL	=	10451.38081000
NHINVELSR	=	10477.46134000
NHINVELSP	=	11633.22462000
SLTLTAQSRTL	=	14008.52734000
MHEDIISLW	=	15356.87086000
KRLRLIHLL	=	17284.49306000
ARGETYGRLL	=	22278.92781000
VQYMDDILI	=	25223.86802000
LRIVIYIVQML	=	25774.17962000
GRQTALFLLKL	=	28919.61570000
ERLERWHSL	=	28968.11092000
NPINVELSL	=	29264.29588000
RRIRQGLEL	=	30415.67565000
WHLGQGVSI	=	30675.42391000
NTINVELSL	=	30997.35976000
LRQGYRPVF	=	31730.84551000
KQGPKEPF	=	33973.53813000
QQSKNSKF	=	37240.04993000
FPFKYAAAF	=	40094.19000000
VQAVWRSATE	=	40364.60523000
KRGVFVLGF	=	40524.68452000
WDVFGNWFDL	=	41268.90514000
VRRRLTARGL	=	42609.16605000
APRTLVYLL	=	48822.91043000
QTALFLLKL	=	50330.75000000
DHLVSQGIRQV	=	52108.78329000
DRWGLTKSI	=	53723.08000000
FLPSDYFPSV	=	55901.69944000
PQETGRQTALF	>	63291.13924000
PHYTPKIVGGI	>	63291.13924000
RRWRRRWQQLL	>	63291.13924000
THLHTDNGANF	>	63291.13924000
SQWDDPWGEVL	>	63291.13924000
WRNPAEEREKL	>	63291.13924000
KQWRRDNRRGL	>	63291.13924000
QQIGGNYV	=	63986.98000000
FQSYVDRF	=	69390.92271000
KHTEEAKQIV	>	70422.53521000
NRTIISLN	>	70422.53521000
NWMTQTLL	>	70422.53521000
PHFKVGWAWW	>	70422.53521000
KVFPYALINK	>	70422.53521000
KRGVFVLGFL	>	70422.53521000
LAGRWPITHL	>	70422.53521000
CHIRQIIN	>	70422.53521000
GRNLLTALG	>	70422.53521000
AHIEGQPVEV	>	70422.53521000
LQKVCYVPHF	>	70422.53521000
GRWPITHL	>	70422.53521000
RRHRILDIYL	>	70422.53521000
YVDRFYKSL	>	70422.53521000
NGVRLLAHV	>	70422.53521000
EQANSVETIVL	>	70422.53521000
NKWRMLIDF	>	70422.53521000
NITMSAEVAEL	>	70422.53521000
QQSKNSKFKNF	>	70422.53521000
DRVVLQSKEL	>	70422.53521000
LRKRLRLIHL	>	70422.53521000
VIYIVQMLAKL	>	70422.53521000
LQPILQRL	=	75360.71000000
EQLLSCCRF	>	78125.00000000
FQQSKNSKF	>	78125.00000000
FHLPVEKDV	>	78125.00000000
YLPTQQDVL	>	78125.00000000
AYIDNYNKV	>	78125.00000000
EHDKYHSNV	>	78125.00000000
YVADALAAF	>	78125.00000000
NWINVELSL	>	78125.00000000
KFNPMKTYI	>	78125.00000000
YREGRDQL	>	87719.29825000
LQRIREVL	>	87719.29825000
