NHINVRLSL	<	1.00000000
NHIYNRHGDTL	<	1.00000000
NHIWVELSL	<	1.00000000
NHINVNLSL	=	1.36237800
NHYNVELSL	=	1.60450300
NHINHELSL	=	1.69311600
NHINVALSL	=	2.13626200
NHMNVELSL	=	2.26712000
NHIMVELSL	=	3.90274000
YHSDAREL	=	4.46259400
NHINVMLSL	=	5.98754300
NHINDELSL	=	8.08374900
WHINVELSL	=	10.61287800
NHGNVELSL	=	13.58139000
THYDHVLIEL	=	14.07639800
NHINVELWL	=	15.09627000
NHINVELSF	=	15.31586500
NHIAVELSL	=	16.79812300
NHIPVELSL	=	17.95217500
NHQGATPLVL	=	18.43398100
QHTPTSITL	=	18.66808800
NHLREIWEL	=	19.62307300
NHIVVELSL	=	21.12047700
NHLNVELSL	=	24.64525200
NRINVELSL	=	27.78470500
NHIYDRYGDTI	=	44.11616000
NHINVELSV	=	54.00886000
NHINVELPL	=	63.22456000
NHMDGESLKL	=	64.96021500
NHINVEESL	=	89.50229500
NHINVELCL	=	115.18016700
NHINVEGSL	=	122.36295600
NHPNVELSL	=	127.80678400
NHISELVQL	=	142.82434200
NETWYSADL	=	146.84051600
DRFGLAESL	=	148.66503860
THINVELSL	=	154.35447200
NHINVELGL	=	176.34877400
VHMPKHPEL	=	180.09011800
NHIYDRYGDTV	=	230.16715600
NHINVESSL	=	267.72866400
DRGFAAPQFSL	=	322.29435000
DRFGLAESLL	=	325.06814600
YIHFLIRQL	=	538.30101900
YHGHGVSAF	=	807.96137200
NIFGRNLLTAL	=	879.51082300
THTNGVRL	=	962.14143100
AHKYQVPSL	=	965.58176600
YQVPSLQYLAL	=	1128.15896000
IRQGLELTL	=	1154.29265700
RQGYRPVF	=	1178.44756900
YHAKDPNNL	=	1280.50972800
NHINVELSW	=	1347.11005600
SHLEVQGYW	=	1378.47269800
NAINVELSL	=	1507.99745600
GDAYFSIPL	=	1551.31754200
YCAPPGYAL	=	1750.02307900
VSQGIRQVLFL	=	1754.47830800
YQVPSLQYL	=	2337.26594600
SQGIRQVL	=	3021.69080000
DRQAGFLGL	=	3228.24686700
SQGIRQVLFL	=	4129.00299200
LQYGWSYF	=	4510.65543200
NIYRRWIQL	=	4680.06698000
DRGFAAPQF	=	5803.31687800
VQAVWRSAT	=	6827.01758900
RRAIRGEQL	=	7052.55604600
NGANFASQEV	=	8617.51374900
VRITWYSKNF	=	9916.65369200
NHINVELSS	=	10304.35131000
IYIVQMLAKL	=	11253.72842000
IRQGLELTLL	=	12515.65436000
CHQKGEAI	=	14297.99248000
VSQGIRQVL	=	15943.37430000
RRSRPSGDL	=	18041.13367000
CHIRQIINTW	=	18058.75388000
ALAPVPIPF	=	19339.61772000
GRNLLTAL	=	22454.05828000
SDYLELDTI	=	23068.18885000
EQAIEDVWQLF	=	24927.81386000
RRIRQGLELTL	=	28075.12710000
GSVNVVYTF	=	30000.02512000
RQLIRLLTWL	=	31101.03084000
NHHLKNQID	=	32795.99359000
VRRAIRGEQL	=	34191.05988000
AQIDNYNKF	=	35974.94714000
LRKRLRLIHLL	=	38082.59781000
AYIDNYNKF	=	40323.89193000
FHEAVQAV	=	41323.72531000
NQQAELEAF	=	42736.60375000
DHLVSQGI	=	42928.34029000
CQKILSVLAPL	=	43293.69446000
FVNYNFTLV	=	45372.12554000
KRYIYKVL	=	49211.54961000
WRRRWQQL	=	53931.15922000
AHIEGQPV	=	54921.84690000
IRLLTWLF	=	56498.07684000
NPYNTPTF	=	59044.59000000
RRWIQLGL	=	62814.86345000
AYISSEATTPV	>	63291.13924000
VRRAIRGEQLL	>	63291.13924000
ARRHRILDIYL	>	63291.13924000
LRLTVWGTKNL	>	63291.13924000
RGPYRAFVTI	>	70422.53521000
GQKARLMAEAL	>	70422.53521000
YRLELGDYKL	>	70422.53521000
CQFCFLKKGL	>	70422.53521000
LRARGETYGRL	>	70422.53521000
WQQLLALADRI	>	70422.53521000
MRRSRPSGDL	>	70422.53521000
SQSPGGLDKGL	>	70422.53521000
TRVTAIEKYL	>	70422.53521000
WQEWERKVDF	>	70422.53521000
DQLWKGPGEL	>	70422.53521000
SREKPYKEV	>	70422.53521000
DRGKDKVKVL	>	70422.53521000
THLEGKIIIV	>	70422.53521000
PRTLNAWVKL	>	70422.53521000
RGFAAPQF	>	70422.53521000
CRFPRAHK	>	70422.53521000
DRFYKSLRA	>	70422.53521000
WQEWERKVDFL	>	70422.53521000
NFINVELSL	>	78125.00000000
RISGVDRYY	>	78125.00000000
YVFPVIFSK	>	78125.00000000
YTGDFDSVI	>	78125.00000000
NNINVELSL	>	78125.00000000
IRFPKTFGY	>	78125.00000000
RRRWQQLL	>	87719.29825000
RRDYRRGL	>	87719.29825000
RQGLELTL	>	87719.29825000
ERKQREAL	>	87719.29825000
ARLMAEAL	>	87719.29825000
KRLRLIHL	>	87719.29825000
LRTELTYL	>	87719.29825000
RRDNRRGL	>	87719.29825000
