RKAYHIIFF	=	0.03670000
YMIERFISF	=	0.04610000
FKAKWLTPF	=	0.07310000
RQNRSQYLF	=	0.13700000
AMKVDANYF	=	0.14900000
IQYDRRSFF	=	0.15400000
SQTIELIAF	=	0.20600000
RQFYNANVL	=	0.23600000
HMAYSFQTF	=	0.27900000
RQVVDFFKF	=	0.34400000
SSKVFLKAF	=	0.36900000
SMFAFSLSV	<	1.00000000
SQIETGTPF	=	1.33357667
FAAMIIRSF	=	1.33369467
ILHHHRNVF	=	1.33618200
NKMLTITSF	=	1.43093067
FKNLATSIY	=	1.57094067
IKSYTIRVF	=	1.58645533
KSHAAYIDY	=	1.67259000
SQQNSDSIF	=	1.87346067
WKFDSRLAF	=	2.00286200
IKYMIGNFM	=	2.15464733
RQRLLPAAL	=	2.26335300
FMTNFSMVY	=	2.26473733
IKVTAASPM	=	2.76467467
YVADALAAF	=	2.86306700
KQPEGVILF	=	3.65055800
IQFMHEQGY	=	3.66025933
LKSVETSSL	=	3.76436133
WQFAIHYSF	=	4.47375600
FTRCAVIPF	=	5.40247000
IHIPQSQLF	=	5.49451733
FMASPENVI	=	6.38389667
SMVISLLSM	=	7.98141133
WSIYLSLHY	=	8.85306267
RALGPAATL	=	11.84423600
SATYATVPF	=	12.04253800
NLITLAVSF	=	15.01358533
RLVRPFLVV	=	15.91385933
SMNTIKQSF	=	16.50691267
LMTMNIVNF	=	16.53382000
NMFNISFRF	=	18.52089200
LSYYVVYVF	=	18.72273000
FSVSFSPSL	=	21.71480267
ITLTNVVNI	=	21.80163600
FQQPQFQYL	=	22.64112533
SNVVCGTTF	=	24.63372867
MVCHRILTY	=	28.11141533
NLYSFTIVF	=	31.21610733
RLYSEGLSI	=	31.92203733
FINMTGNHF	=	34.24458267
FYSSFVQTF	=	38.80483467
RSLYNTVATLY	=	42.88874700
SSMKGENVF	=	47.03217067
ITAHLVNSL	=	49.90024733
METMFFIRF	=	52.60421800
SSRRYRCSF	=	54.51865267
ALQGGGPPY	=	60.46467600
FSFPQITLW	=	64.32830700
ISSLGILVF	=	81.70300867
KLVMCSISL	=	120.30761533
LPVYFGSVF	=	123.32584133
FESHGENRF	=	136.00462467
LAVLFINSI	=	191.16955000
AVVRFRTHF	=	191.55945533
RSLFNTVATLY	=	192.18633800
EQFVGTNSI	=	194.37270533
LSISCPNSL	=	256.58071667
KWKYENPCK	=	296.02557933
SQRFIFNII	=	299.14041133
FAAVEGIFF	=	309.15112867
KTIYAVDSF	=	321.52814533
IISVISLVI	=	326.35662667
SPVMSGNSY	=	363.38611133
RPQVPLRPMTY	=	389.39130900
MKAPFSSLKV	=	399.32279600
FLVIAINAM	=	440.45002267
ANVNARNRF	=	552.04252333
VGNVYVKF	=	590.23048400
ILVPNINIL	=	600.43197067
AEFKYIAAV	=	849.38809300
FPQGKAREF	=	902.78151800
QTIVFIWFI	=	1030.01701333
YEFLQPILL	=	1045.53100400
ALVFGRRLF	=	1131.09440000
KLVIFPSHL	=	1171.40623600
IVYSLVTTI	=	1864.90151333
LSTTRFQSM	=	2501.13972000
TVKSMILHEIL	=	3121.29655500
AEMWAQDAA	=	3289.77315700
TLYCVHQGI	=	3599.62231800
LTRDSFGIV	=	5400.69418867
FRYNGLIHR	=	5782.06067600
AAVDLSHFL	=	6071.57977500
FIKNKIHLL	=	6910.32246267
LIAKSSSVI	=	7272.05076800
ITLWQRPIV	=	7289.02485000
KYKLKHIVW	=	7912.62212200
VRELAVALA	=	8621.44785300
SPGIRPRFL	=	10315.84784800
SIRSMSRSI	=	10356.83302533
EIYKRWII	=	13027.53828000
AYISSEATTPV	=	14412.95542000
DQQEAARAA	=	16905.59229000
AFHHMAREL	=	17243.11755050
RPMTFKAAV	=	19216.70838000
YTGDFDSVI	=	19462.77644000
GAFDLSHFL	=	19809.63903050
YVDRFFKTL	=	19999.92337000
FPTSCHMF	=	23134.06979000
RFPLCFGW	=	26751.83267100
MVRLPYKDA	=	29917.48421933
ELVNQIIEQL	=	36578.17605000
NRIDILDSAM	=	48571.42857000
QVPLRPMTYK	=	50135.76292000
RPMTYKAAV	=	52816.43011000
SLVWAPLILAYF	>	58620.68966000
RTSKASLER	=	61263.75000000
LLPAALACW	=	68000.00000000
TSTPQEQIGW	>	70833.00000000
EAARAALQG	>	70833.33333000
GAPERQRLL	>	70833.33333000
ARAALQGGG	>	70833.33333000
APERQRLLP	>	70833.33333000
PIQKETWDTW	>	70833.33333000
LLPRGAPER	>	70833.33333000
HTQGYFPDWQ	>	70833.33333000
AVRHFPRIW	>	70833.33333000
QASQEVKNW	>	70833.33333000
QVPLRPMTFK	>	70833.33333000
SEADVRALG	>	70833.33333000
RALGGLACD	>	70833.33333000
FPVTPQVPLR	>	70833.33333000
TPQDLNTML	>	77272.00000000
SFEPIPIHY	>	77272.72727000
KIRLRPGGK	>	77272.72727000
RTSKTSLER	>	77272.72727000
AVDLSHFLR	>	77272.72727000
AFPTSCHM	>	89473.68421000
FLKEQGGL	>	89473.68421000
