KKYNNDKSF	=	0.07780000
KMSFLPIIF	=	0.08000000
FKAMWKYPF	=	0.10900000
TMVNSLTYF	=	0.12600000
RKNHIYNSF	=	0.13200000
LMMTLPSIF	=	0.15200000
RLYSIFLIF	=	0.15800000
AKSQSDTVF	=	0.16000000
FARDNQISF	=	0.19500000
VQHNIKHSF	=	0.20300000
RMFGSKPTF	=	0.20600000
LSIFFYSSF	=	0.21800000
LKYYYSNSY	=	0.24200000
RLNPEVSYF	=	0.32000000
LSFLSRVFF	=	0.32900000
FMNKHILSY	=	0.74200000
FKVLDGSPI	=	0.82200000
IQRTYSSSI	=	0.83000000
KKYNVRYVF	=	1.01618000
MKITRPRHF	=	1.04259733
KKMTCGQPL	=	1.51113333
KKNNRVLCF	=	1.59167467
IKRVSSSDF	=	1.79106667
FANPLSNPF	=	1.92095267
YKVFTDISM	=	2.18639267
ILHSDYQLF	=	2.43384867
LKSPKRCSF	=	2.74583400
KKMQSYNSV	=	2.81026733
SMKTVFQVF	=	3.81498067
FPKNDFVSF	=	4.22626200
AAFEFINSL	=	4.55098467
FTQQALSSF	=	6.43091267
KKVIGFVSI	=	7.49078067
VMVTSKPLF	=	8.79656800
WKVLSIMAF	=	9.29280600
IIFMNLYSF	=	10.76199000
MMVSTENNL	=	11.00995667
LMSEETIDF	=	11.64183200
EMWAQDAAMY	=	13.09224700
AEMMAPSMF	=	17.21794867
NKFFEVIFF	=	18.84943000
KTINALVYF	=	22.70200133
CSAPPGQHM	=	24.03764933
RIRRFRRPM	=	30.23376267
KQFSRENLL	=	32.93396267
LATFTVNIF	=	35.14632667
YTLYKKLSF	=	38.26497067
ALTKNYLSF	=	40.13525867
FQVVNPHLL	=	40.35556800
NKVLCISFF	=	41.42833200
FPFKYAAAF	=	47.16179247
TKTLDISSF	=	54.50555933
SDYLELDTI	=	65.73429200
KSIEQHPVV	=	79.62965667
RRDYRRGL	=	86.11248800
KSSPETQQM	=	108.10818600
MSSSQDLSF	=	108.59439667
LMYILGTYG	=	125.30445667
VKVVEEKAF	=	135.00020850
ILFYFANGI	=	139.52040000
LPVIFLSIF	=	162.00767267
VRKNFTSSF	=	192.28031067
FLSRLPNLF	=	195.57627867
IKQEFGIPY	=	204.99925040
LIRNKRLSL	=	215.22587533
AVAKYFSPL	=	235.05931933
IKYACKQIL	=	252.42812733
MTVVSAVHF	=	278.03238867
FSLPFPFLYKFLL	=	280.95787500
LLVQRVTSV	=	285.02974733
IETPNELSF	=	288.09879000
VQTIVFIWF	=	306.63832667
VKSMILHEI	=	311.29814000
HVKSTLNNA	=	376.41545333
NKVGFLNIF	=	381.16260133
ISWMMKLGI	=	404.24176000
ITNTEINSF	=	421.09970267
SNINDFNIF	=	501.31491200
IQSSAENAT	=	580.30592867
RMYSPTSI	=	588.98772600
KVYGRYSAV	=	763.36065000
VKVIEEKAF	=	779.00345890
WAQDAAMY	=	800.75800300
NMGVAMNLF	=	998.60627933
FEMKAPFSSL	=	1034.53130500
EEVNIDNSF	=	1202.17774067
GSVNVVYTF	=	1345.31359400
FVRWLHRAL	=	1435.07481067
RILHNFAYSL	=	1568.45857200
AVDLYHFLK	=	1769.12336700
VIIMAINVF	=	2035.79938200
KGAVDLSHFL	=	2077.01696000
LLSLEIVFF	=	2113.07949333
IYQEPFKNLK	=	2770.54780800
SEAAYAKKI	=	2923.18958900
RKAKIIKDY	=	2958.98824000
LSEADVRAL	=	2998.25498400
RLRPGGKKK	=	3357.01796300
RVRELAVAL	=	4492.54645700
FPYSTFPII	=	5157.72488700
TVYYGVPVWK	=	5534.50199500
AYHHMAREL	=	5771.58380600
QALSPRTLNAW	=	7681.44856800
KAAFDLSHFL	=	8012.84999400
QRLLPAALA	=	8634.22627000
FPVRPQVPL	=	10692.03537000
KTKDYVNGL	=	11235.27911000
FSKKKVCFV	=	13140.87413300
KEKGGLEGM	=	13441.73419000
QAISPRTLNAW	=	15943.14761000
HPDIVIYQY	=	16962.72297000
TSTLQEQIAW	=	17914.90655550
WKFDSSLAR	=	19999.92337000
AYIAFPTSCHMFI	=	20469.54965000
KRWIILGLNK	=	20512.10564800
RSHIRKPPS	=	23164.30733433
VLEWRFDSRL	=	29865.95568000
AFRHVAREL	=	38756.66397000
QVPLRPMTSK	=	38891.26709000
VRALGGLAC	=	43893.81126000
RPMTYKAAL	=	46097.72229000
ISDSNPYLTQW	=	49074.77288000
KRWIIMGLNK	=	50751.92189000
ITKINTHLA	=	51429.56018567
LAYFPVFRFLNGS	>	53125.00000000
CFTSLVWAPLILA	>	53125.00000000
NLVPMVATV	=	54953.19563000
TSNLQEQIGW	=	60365.33859000
TAFTIPSI	=	60454.73029000
TPGPGTRYPL	>	70833.33333000
LGGLACDLP	>	70833.33333000
ERVRELAVA	>	70833.33333000
YFPDWQNYT	>	70833.33333000
ETINEEAAEW	>	70833.33333000
AARAALQGG	>	70833.33333000
ILSLFLISL	=	77200.00000000
EEMNLPGRW	>	77272.72727000
ILKEPVHGV	>	77272.72727000
AFDLSHFLK	>	77272.72727000
RTSKAPLER	>	77272.72727000
