LLYMFPNLF	=	0.10900000
FSALPTNEF	=	0.13000000
YKFSCGLSL	=	0.13200000
KQKLGFNEF	=	0.15800000
AQYASTLSV	=	0.16200000
KKFRPLMIF	=	0.16900000
IKTMMINPF	=	0.19100000
IMTSGVIPF	=	0.22300000
IMFSKSLNF	=	0.22700000
ALLELFNAF	=	0.24100000
YMSSEPIIF	=	0.30400000
IMFAKTLDF	=	0.31100000
KKSSTLLTF	=	0.36000000
VLFLQQSIF	=	0.61000000
CLNNSLMSF	=	0.76800000
SQIITLTAF	=	0.79100000
SKVFFGPIY	=	1.02519800
CMSNSRLSF	=	1.03430200
MKYCSYQSF	=	1.55202267
VEVEPGSSF	=	1.66543133
YAFSKYMSF	=	1.77498933
WKFDSRLAL	<	2.00000000
WRFDSHLAF	=	2.17689458
TKFTDFQDF	=	2.22659133
GQRKGAGSVF	=	3.23065600
SLYPNVCIF	=	4.94563800
FQVFNESSI	=	4.98020200
FQSMHFTDM	=	5.12579000
WSTSFTNIF	=	5.88634133
LQNSVVLQF	=	6.22416667
FLFLNINHY	=	6.46129267
TQIGCTLNF	=	7.34939400
IMSLFSTSA	=	7.67147267
LKFSLPFPFLYKFLL	=	9.17040000
RKAKIIRDY	=	9.96887900
LKSNADWFF	=	10.21334067
KQNPDIVIY	=	10.93810100
RGSWATSSF	=	11.15954867
SSVSPPNVL	=	18.30497533
RQSSCKMAL	=	18.84953267
SLYNTVATL	=	20.02619000
FLSNCEKQF	=	21.01878333
ISVLTGSSI	=	24.92114400
SGNRGSTSF	=	25.21669400
KLTSTETSF	=	25.45517600
FMYFCEQKL	=	35.72879400
VQSFKINIF	=	51.36083200
RGYVFQGL	=	54.36484400
AINNRICVM	=	65.10108533
VGVNHSNTF	=	80.63757600
EMWAQDAAM	=	91.63517300
SDTRSVNSF	=	92.72232600
ESVKFGNSI	=	102.24597467
VMSQEDNHF	=	102.51960467
IMRNFLRSI	=	106.66575133
SSVREVFYF	=	123.55481867
KIQNFRVYY	=	137.44255400
IQTMDGQEL	=	144.13789400
WTVNDIQKL	=	156.25042600
LLKYAGLTI	=	161.56349067
KTAVQMAVF	=	175.78818600
LIGARRTSF	=	176.37330200
QGWKGSPAI	=	186.19534500
KALGPAATL	=	192.72060660
SLNSIFNTF	=	209.37133000
RSLIIVLLF	=	225.29990133
AILSLNLRI	=	237.03840067
IQQEFGIPY	=	238.00126380
GERYYFAYI	=	238.22514333
KPNSFTFSF	=	254.15714000
AQFSPQYL	=	267.45594800
RLQPNQPPK	=	298.43290467
SVSNPINPF	=	351.43921667
KAFSPEVIPMF	=	370.12901800
TMKERRPIL	=	397.20288533
LASVALNMF	=	411.09389133
SLNTLTISF	=	475.49684400
MIKIALSVA	=	559.15359200
LTIACRVSL	=	599.18644667
CMVICLLSF	=	641.47701933
SEIDLILGY	=	650.94037670
AYIDNYNKF	=	653.46446470
ALVITINYF	=	666.20015867
AEMWAQDAAM	=	706.99745200
VKSMILHEIL	=	747.73746600
TSNWTGNYF	=	894.12405067
KSINKVYGK	=	952.85267600
FFKQTFGSL	=	1084.51127667
LPFPFLYKFLL	=	1096.78880200
LEVRFGNDV	=	1344.44558067
VHPVHAGPIA	=	1816.08592600
ISKKAKGWF	=	2129.36548100
ILYKRETTR	=	2604.21908200
KIFFRPTTI	=	2664.60566467
SPAIFQCSM	=	2927.33848400
KTLSPAHLI	=	3271.02123533
KVLSIMAFI	=	3372.30377467
IVTDSQYAL	=	3733.33448200
FPVKPQVPL	=	3890.45584300
APRTLVYLL	=	6655.25433800
DRFFKTLRA	=	7382.64536900
LSPRTLNAW	=	8026.79762800
AALDLSHFL	=	8180.25848300
GQQRSTLERTSKASL	=	8325.03563800
AFHHRAREL	=	9373.69973000
MVKNNKIQK	=	9551.79464133
FLKENGGL	=	10246.17081000
AFHHKAREL	=	10760.35577750
KITTESIVIW	=	10969.79683000
ISPRTLNAW	=	11574.55504000
IPQSLDSYWTSL	=	12039.40707000
GPSHKARVL	=	13059.52564000
KAGQYVTIW	=	15538.28114000
RNKLSYRNK	=	16406.54301967
AFHHVAREL	=	22038.92660050
RYPLTLGW	=	23120.63965800
GGLACDLPG	=	23577.05003000
QIYAGIKVR	=	42620.03790000
FLKEMGGL	=	44552.10556000
RTSKAALER	=	51897.81342000
AFPTSCHMFIICF	>	53125.00000000
PLILAYFPVFRFL	>	53125.00000000
AALQGGGPP	=	53975.05398000
GLSTERVRE	=	64438.33000000
PRGAPERQR	=	68054.47000000
ACQGVGGPGHK	>	70833.00000000
DRFYKTLRA	>	70833.00000000
AFHHVAREK	>	70833.00000000
PERQRLLPA	>	70833.33333000
ATPYDINQML	>	70833.33333000
NTQGYFPDWQ	>	70833.33333000
QASQDVKNW	>	70833.33333000
RAALQGGGP	>	70833.33333000
ADVRALGGL	>	70833.33333000
ETINEEAADW	>	70833.33333000
IVLPEKDSW	>	77272.72727000
DPNPQEVVL	>	77272.72727000
TAFTIPST	=	81044.32009000
PLRPMTYR	>	89473.68421000
