YQSLSPPPF	=	0.06110000
RQYMFYKIF	=	0.06980000
SMYPSYIEF	=	0.11000000
RKISSKNSM	=	0.11400000
FMLMETMFF	=	0.18800000
SKYAGINIL	=	0.27100000
FSGSFASIF	=	0.31800000
VKVKEENTF	=	0.41500000
KMTRVFNKF	=	0.43100000
ISTYPGNTF	=	0.47900000
QLYSTLLSF	=	0.56500000
SMWYIPNVF	=	0.72200000
SQVKCCHYF	=	0.92000000
YQYIFLSFF	=	0.94400000
YMVVDGSVM	=	1.04451467
RKYGCGNMF	=	1.25114400
RQMVNDMIF	=	1.25329067
LKTTFVHPF	=	1.32015467
YQTSVSQVA	=	1.45157267
IKENSIYSF	=	1.45608600
IKADHVSTY	=	1.49612100
SKFVYVSVM	=	1.63534600
EQYKTESFF	=	1.80468200
GQYKGAGSVF	<	2.00000000
LRFLEKTSF	=	2.23183600
SQFGGGSQY	=	2.34032800
SKSRRLNLF	=	2.36332467
YQNHGFVSF	=	2.43283733
KMAADRGAF	=	2.50214533
RKVKSYNYM	=	2.58046733
YQAVVPLVY	=	2.89879963
LQYVHINEL	=	3.66329733
LMVSGPNVV	=	3.80481600
NLYFCTKSF	=	4.28068400
KKVCFVNKL	=	4.51387800
FKVTTRRSI	=	4.57533400
VLFEVFVVF	=	4.85379533
IMVSEHFSL	=	5.51100800
KIYNVTNPF	=	7.54422067
FSIYSVSCF	=	7.64013867
QIVAYFSEF	=	7.85130467
WKFDSSLAF	=	8.13876526
FKINIFMAF	=	10.24562200
AEMWAQDAAMY	=	11.85102600
IKFAAGIII	=	16.05753133
KQKMFSNNV	=	19.35375400
FHVRRLLKF	=	21.34552067
FIRYRMHPM	=	21.63287467
ILHVDILSF	=	23.81055200
ILAPNPNRF	=	26.12223133
FSMLGIWFF	=	28.33544933
LESQHIISF	=	28.42265133
KLWASQIY	=	33.51107900
KTMAVTYEL	=	34.56120400
LHVTDTNKF	=	35.54047200
ILVNQYSHM	=	37.45560000
HLIMFEQYF	=	45.50456067
MCIKYTACM	=	51.91226267
KALGPGATL	=	59.07666300
SLNECIISF	=	66.91348733
LSVPAAIMM	=	68.52039733
HQTNAMAPI	=	72.61411300
LEFIHSQGF	=	107.51641867
ALSVAGNLI	=	116.65721467
RSSRGVQFL	=	123.28365800
SLVTTISSL	=	133.46358733
ISESRFQSL	=	147.55096400
KTKETNRIY	=	172.02433333
LIPFLILFI	=	195.35376200
FVYVPELSF	=	203.52214067
IHFMREYWF	=	222.30313533
LQKLAQHSI	=	243.32154133
FNVNGSQVY	=	264.22351867
KMAVEVGSI	=	335.62049400
ERYLKDQQL	=	401.61642800
RRAARAEYL	=	418.99675200
KQVIRENIL	=	493.60257133
RLLPAALAC	=	555.15236700
ISAFPKNDF	=	663.53448933
MWAQDAAM	=	714.45267400
FFLQRLYFL	=	805.62057000
ISASDMQKF	=	812.57978867
FLPSDYFPSV	=	873.27673800
RKVKIIKDY	=	894.00197510
MWAQDAAMY	=	1084.69627900
YRHDGGNVL	=	1088.77318200
EQKLRPNSF	=	1102.35943400
RLKQRTPGI	=	1225.17317800
KFYGPFVDR	=	1228.11341700
YHSNVKEL	=	1304.81233900
HLYNILNNI	=	1406.28966200
AAIDLSHFL	=	1959.73262900
NLLCHIYSL	=	2032.00923667
RPNNNTRKSI	=	2984.50920600
GSEELRSLY	=	3027.44739600
ITTESIVIW	=	3071.24357400
FLVDGLSSI	=	3161.12315533
FPVTPQVPL	=	3466.82685200
LQGGGPPYG	=	3927.32258500
FISRNKNIF	=	4033.05829333
ELAYYNSCM	=	4146.57361133
RGPYRAFVTI	=	4532.18935200
EMWAQDAA	=	5279.45714200
FLGKIWPSYK	=	5953.73733300
SNFTSTTVK	=	6170.28111400
AFHHIAREK	=	8214.32870500
RLHSNTILK	=	8540.78200733
FPFLYKFLL	=	11708.56579000
SGPSNTYPEI	=	12346.09899000
GALDLSHFL	=	13941.58554850
RRLLKFRVE	=	14917.88667400
KFNPMKTYI	=	16524.33557000
IEELREHLL	=	16613.25140000
FIFLKKNEL	=	18557.44912500
GAVDLSHFL	=	18590.29838750
KVREHTFVK	=	19328.36439967
KEKGGLDGL	=	21591.85706000
KVKDLFNTK	=	22143.28391300
TERVRELAV	=	28176.88270000
IPRRIRQGL	=	33849.74325000
ERYFRIHSL	=	34701.10469000
RFRNHMCLV	=	42823.98240600
NPDIVIYQY	=	47930.12933000
STTVKAACWW	=	52353.29155000
FLKEKGGL	=	55713.33749000
AEQASQDVKNW	>	62962.96296000
KYRLKHIVW	=	64071.16000000
QIYAGIKVK	=	65096.36439000
KTSSFKISK	=	68000.00000000
LYRPNIPLK	=	69243.80452067
RYPLCFGW	>	70833.00000000
VPLDEDFRKY	>	70833.33333000
TPGPGIRYPL	>	70833.33333000
LSTERVREL	>	70833.33333000
GLACDLPGR	>	70833.33333000
QEAARAALQ	>	70833.33333000
FPVKPQVPLR	>	70833.33333000
AVDLSHFLK	>	77272.72727000
ALDLSHFLK	>	77272.72727000
RFPLTFGW	>	80153.00000000
