ALRPSSQVF	=	0.09520000
FLRLSANLF	=	0.11900000
RQFEKDRSF	=	0.14300000
MKSLAMTAF	=	0.18200000
MMLMIGNYF	=	0.20400000
LLFYTRHRF	=	0.21200000
SQYLSRVSL	=	0.23500000
IQHNFTQIA	=	0.25100000
FQYVSYSNF	=	0.26100000
AKSKFPRSM	=	0.26100000
LQAKSGSSL	=	0.32600000
YQHFVARVF	=	0.39900000
MQSYNSVPI	=	0.72600000
VSFNRVVIF	=	1.05597533
VSFSPSLTF	=	1.22100133
FKFNSQVSI	=	1.24265867
SQFTCSLAV	=	1.47072467
AKTSTLIFF	=	1.56215200
SQVSSTELF	=	1.83405133
MMSMYGKAF	=	2.61247733
KMVYALLLY	=	2.72656667
KKVYTFFKF	=	3.63022400
IMALIVSIF	=	4.53085733
LSINSSFYF	=	4.81075333
VLAYSSSIF	=	5.35343800
KLLSHFYPA	=	5.40430000
FMAYTTSHI	=	7.58261467
LHAVYSIVF	=	8.81286467
FQRKPFNNI	=	8.90167467
RALGPGATL	=	9.02489200
IEVSSDISF	=	9.74581333
LEFNTPFVF	=	10.44922800
IQTLNGKHF	=	11.43225400
SMFAFSLSVM	=	11.66846900
ILMIFISSF	=	11.94601333
ISSRESVSF	=	12.11476467
KIGMFNLTF	=	12.61173267
SLNTSTLGF	=	13.12328600
KSVEDVSAF	=	13.61427200
LLKDRNELF	=	15.76014733
RAYMATTIL	=	17.53985267
SIRCATNIF	=	19.60384533
RASSGDSSF	=	20.63984133
AANCFGQHV	=	21.85068533
LMFKHLLHP	=	25.93932533
AQIDNYNKF	=	28.24638938
FLSEPYSYF	=	29.34817533
FSILFSNNF	=	29.70210800
TKVMFVIRF	=	30.80461000
LPTNEFISF	=	33.73973133
LQISRVNDL	=	34.46291733
KMYACKNDM	=	42.92383533
CAVNTPVSM	=	43.06013267
KLNNVFYVF	=	44.85576533
FRVVKPNSF	=	46.86547267
LFLDIECHF	=	47.32393400
YTAVVPLVY	=	61.70095718
GLYSSTVPV	=	75.53695415
ELRDYFEQI	=	80.26663400
DHQAAFQYI	=	95.56218600
IASTLIVTI	=	110.61858533
KQYKFYNQI	=	121.45487667
ETFGFEIQSY	=	154.41002900
KAVRLIKFLY	=	154.74817100
ASTNLGSSF	=	164.49574600
RSKDTHVFA	=	182.29503067
NKTVFQLVF	=	192.11269467
KIVMTPSPF	=	211.48253400
KAFNHASVK	=	282.32324733
FQTVNFNNA	=	305.01811333
FKRKGGIGGY	=	353.22774790
RISGVDRYY	=	384.38439270
ELYMYFNHV	=	414.47194467
KYQLKHIVW	=	420.91965200
KTLKYSNKI	=	448.30369933
IKVLVEHGF	=	473.09064267
IRFPKTFGY	=	479.45098300
FSNFSTSHI	=	510.05388867
QQEAARAAL	=	640.30499700
LLSRFFNMI	=	821.38573667
LVSAGIRKV	=	830.10345800
EKTQYTNDF	=	832.25463200
LTFKACDHI	=	845.35466267
HPEIVIYQY	=	994.45205000
MLMFIFTGI	=	1014.85391867
TLYCVHQRI	=	1094.47944500
DTLLFFLAL	=	1144.63813400
IIIPLSVSI	=	1235.26617200
TVKSMILHEI	=	1360.78378000
YLPTQQDVL	=	1464.44546800
KGKAAAFAK	=	1903.05892733
SPAIFQSSM	=	1937.03297900
KVFPYALINK	=	3341.44305900
IEELRQHLL	=	3661.64228900
SVNCFTSLVWAPL	=	5323.29790800
FVNYNFTLV	=	5556.79294500
YPLTFGWCY	=	6523.04061700
PIQKETWETW	=	6707.95442000
RYPLTFGWCF	=	6859.91270400
YVIKVSARV	=	8350.99225200
KAALDLSHFL	=	8474.85002400
KAAVDLSHFL	=	8675.02543000
VWAPLILAYFPVF	=	9164.45377600
AFRHMAREL	=	10710.75721800
TWEAWWTEYW	=	12830.37093000
GPGHKARVL	=	12950.44588000
FLRGRAYGI	=	19653.50753000
FLGKIWPSHK	=	24029.61875000
AEQASQEVKNW	=	32007.17750000
RYPLTFGW	=	32353.58632100
YVFPVIFSK	=	34138.94122000
LVGPTPVNI	=	37174.47248000
AYIDNYNKV	=	37815.14453000
ERYFRINSL	=	38888.26592000
LLSEADVRA	=	41512.86419000
GDYKLVEI	=	46456.90015000
RGAPERQRL	=	46544.78265000
QRSTLERTSKASLER	>	47222.22222000
IEELRRHLL	=	48121.77395000
RTRNMFRKK	=	51221.82000000
STLERTSKASLER	>	53125.00000000
LERTSKASLER	>	62962.96296000
KEKGGLEGL	=	67303.64000000
FLKEEGGL	=	68494.95194000
AFHHMAREK	>	70833.00000000
ACQGVGGPSHK	>	70833.00000000
TSTLQEQIGW	>	70833.00000000
EADVRALGG	>	70833.33333000
IRLRPGGKK	>	70833.33333000
TPGPGVRYPL	>	70833.33333000
STERVRELA	>	70833.33333000
AEMWAQDA	>	70833.33333000
FPVRPQVPLR	>	70833.33333000
SMVQILSSL	=	77200.00000000
IPLTEEAEL	>	77272.72727000
LPPVVAKEI	>	77272.72727000
IELPEKDSW	>	77272.72727000
ITLWQRPLV	>	77272.72727000
YVFPVIFSR	>	77272.72727000
PLRPMTYK	>	89473.68421000
