RQIRMTSTI	=	1.00000000
LQLARDGMF	=	1.00000000
YQRRRRFAI	=	1.00000000
ALYEKKLAL	=	1.00000000
AQRELFFTL	=	1.00000000
FQRAIMNAM	=	1.00000000
GQFLSFASL	=	1.00000000
GQFNRYAAM	=	1.00000000
MSRRRIYVL	=	1.00000000
ALFYKDGKL	=	1.00000000
IMALKQAGL	=	1.00000000
IQYDRRSFF	=	1.00000000
IQYVIRAQL	=	1.00000000
KMNAKAATL	=	1.00000000
KQFCLSILL	=	1.00000000
KQIPIWLPL	=	1.00000000
KQLELFWVI	=	1.00000000
ILNHKFCNL	=	1.00000000
YMKERFTVL	=	1.00000000
YMYRVWSPL	=	1.00000000
RIYRKGNPL	=	1.00000000
RLARRARNI	=	1.00000000
RLRRRRHPL	=	1.00000000
RMAMIPRTL	=	1.00000000
RMFKRVFNM	=	1.00000000
RMLPKLAEF	=	1.00000000
RQADILRQF	=	1.00000000
YLRRRIGMI	=	1.00000000
RIHDIAVQL	=	1.00000000
RQMRASAPL	=	1.00000000
RQRAVRMVL	=	1.00000000
RQWFIDVPL	=	1.00000000
RQYERYTAL	=	1.00000000
RVRPKKEVL	=	1.00000000
VQYRGLYQI	=	1.00000000
YLKKKNHPL	=	1.00000000
RQLQREGLV	=	1.00000000
RARRHLAAL	=	1.00000000
RVMAIFMAL	=	1.40000000
YLKAKREKL	=	2.40000000
RLKHIFLIF	=	2.70000000
SLKERIDML	=	2.90000000
AMKDRFQPL	=	4.30000000
IVDCLTEMYY	=	4.70000000
RARQKGCTL	=	4.70000000
LLRRRPYPL	=	4.80000000
TIMPKDAQL	<	100.00000000
AAVGYPKVKEEML	<	100.00000000
TIMPKAIQL	<	100.00000000
TIMAKDIQL	<	100.00000000
CVGYPKVKEEML	<	100.00000000
GYPKVKEEML	<	100.00000000
TIMPKDIQL	<	100.00000000
TIAPKDIQL	<	100.00000000
VGAPKVKEEML	<	100.00000000
VGYPKAKEEML	<	100.00000000
VGYPKVAEEML	<	100.00000000
VGYPKVKAEML	<	100.00000000
VGYPKVKEAML	<	100.00000000
VGYPKVKEEAL	<	100.00000000
AIMPKDIQL	<	100.00000000
TAMPKDIQL	<	1000.00000000
TIMPADIQL	<	1000.00000000
RPGLVNLRGV	<	5000.00000000
VGYPKVKEEMA	<	5000.00000000
TPGATTPV	>	5000.00000000
TAMPADIQL	<	5000.00000000
APSRTEQTGV	>	5000.00000000
APVQSLIHSV	>	5000.00000000
VGYPAVKEEML	<	5000.00000000
NPFPRAPPV	>	5000.00000000
