KQRCALPSL	=	1.00000000
FQHERLGQF	=	1.00000000
YMKAPSGAL	=	1.00000000
RQLLWRYQI	=	1.00000000
RQQAIVDLL	=	1.00000000
YLRQRQVAL	=	1.10000000
FMKVKFEAL	=	1.40000000
YLRQRQAAL	=	2.70000000
LQYAIRSVF	=	3.50000000
MLKRRGFHL	=	5.00000000
TMMRHRREL	=	5.10000000
VGYPKVKEEML	=	7.47000000
TIMPKDIAL	<	100.00000000
VAYPKVKEEML	<	100.00000000
VGYAKVKEEML	<	100.00000000
AGYPKVKEEML	<	100.00000000
VGYPKVKEEM	<	5000.00000000
SPERFQQI	<	5000.00000000
TIMPKDIQA	<	5000.00000000
