RQIRMTSTI	=	1.00000000
YQRRRRFAI	=	1.00000000
ALYEKKLAL	=	1.00000000
AQRELFFTL	=	1.00000000
FQRAIMNAM	=	1.00000000
GQFNRYAAM	=	1.00000000
ILNHKFCNL	=	1.00000000
RMAMIPRTL	=	1.00000000
RQRAVRMVL	=	1.00000000
RVRPKKEVL	=	1.00000000
RQLQREGLV	=	1.00000000
RARRHLAAL	=	1.00000000
IVDCLTEMYY	=	4.70000000
TIMPKDAQL	<	100.00000000
VGAPKVKEEML	<	100.00000000
VGYPKAKEEML	<	100.00000000
RPGLVNLRGV	<	5000.00000000
TAMPADIQL	<	5000.00000000
APSRTEQTGV	>	5000.00000000
