IMALKQAGL	=	1.00000000
IQYVIRAQL	=	1.00000000
KQFCLSILL	=	1.00000000
YMYRVWSPL	=	1.00000000
RLRRRRHPL	=	1.00000000
RMLPKLAEF	=	1.00000000
RQMRASAPL	=	1.00000000
RQWFIDVPL	=	1.00000000
YLKKKNHPL	=	1.00000000
SLKERIDML	=	2.90000000
AMKDRFQPL	=	4.30000000
LLRRRPYPL	=	4.80000000
TIMAKDIQL	<	100.00000000
TIAPKDIQL	<	100.00000000
VGYPKVKAEML	<	100.00000000
VGYPKVKEEMA	<	5000.00000000
APVQSLIHSV	>	5000.00000000
