GQFLSFASL	=	1.00000000
MSRRRIYVL	=	1.00000000
ALFYKDGKL	=	1.00000000
KMNAKAATL	=	1.00000000
KQIPIWLPL	=	1.00000000
YMKERFTVL	=	1.00000000
RLARRARNI	=	1.00000000
RQYERYTAL	=	1.00000000
VQYRGLYQI	=	1.00000000
RVMAIFMAL	=	1.40000000
YLKAKREKL	=	2.40000000
RLKHIFLIF	=	2.70000000
RARQKGCTL	=	4.70000000
CVGYPKVKEEML	<	100.00000000
VGYPKVKEEAL	<	100.00000000
TPGATTPV	>	5000.00000000
VGYPAVKEEML	<	5000.00000000
NPFPRAPPV	>	5000.00000000
