YTMELCGAM	=	13.99992708
GMYGHPFAL	=	39.00017399
IAPWYAFAL	=	41.00012529
SSARYDVAL	=	51.99993000
YMRERLSDF	=	75.00028153
RLYPFGSYY	=	92.00021563
YQLEMYHPI	=	98.99967411
RTAFLRFWL	=	101.00018300
YAMAIRQAI	=	135.00020850
YSQGAFTPL	=	139.99988450
KSAFYQSYL	=	141.00015810
ITPTIYLLL	=	153.00024420
FHARFVQAL	=	165.00087060
ILRQNMIAL	=	182.00067590
KMNAKAATL	=	211.00095750
YQAGISAAL	=	262.00007640
KAYANMWSL	=	264.99930460
SLFKNVRLL	=	272.99972080
YMPSVVETL	=	289.99903480
TNFEFFGKL	=	295.99999420
ATFLWWIPL	=	309.00158740
AAAAFEAAL	=	316.00036070
YSPALNKMF	=	337.99881040
VLPPLSADL	=	418.99922650
AMMWRIAQL	=	462.99895990
IMRRRQYVL	=	480.99868010
VMAPRTLVL	=	563.00104280
FAMRLLQAV	=	572.99973810
RMLPKLAEF	=	577.99981090
YMRWRKHWL	=	583.99686230
FLIYFRSPL	=	622.99829700
RAMRMVYYL	=	660.99720540
MGAGLVFPI	=	823.99967480
MSRRRIYVL	=	937.00391620
SVFSRPLPL	=	995.99622820
YGIPFPGSL	=	1030.99558600
STPAILHIM	=	1045.00031600
YSDIFNNVL	=	1135.00495300
SQYHRFPIY	=	1229.00594000
YLRQRQVAL	=	1254.99440600
HMMAVTLFY	=	1337.99654900
KSYAQMWLL	=	1338.99582300
YTFFFTQYF	=	1339.99584400
ETIGLVRAL	=	1416.99700500
FMFDYIPPV	=	1483.00357600
KSYEHQTPF	=	1631.00593900
FTFEWNGRI	=	1695.99092100
YLRQRQAAL	=	2083.99470400
RMKMRRPHL	=	2499.98835300
KLYERNTAF	=	2524.99799600
IVLSHILPL	=	2557.99565100
RLPAYAPLL	=	2878.99392300
RLDARLQVL	=	2907.00866500
ISCQIYNAL	=	3885.01606700
SQAFNTPAL	=	4347.01984400
YVVWLMFSL	=	4598.00965800
VLIRRCHYL	=	5158.01188500
APPPFRLPL	=	5367.99546100
YGLERLAAM	=	5802.01621700
FGALFMWLL	=	5871.99121400
IMYNYPAML	=	6042.72692600
FPMIIGSEL	=	6920.97770900
AVPQVLGGL	=	7325.02057900
VSFLISWSL	=	7894.00737500
KQRCALPSL	=	9009.00131900
FPVAMLSCL	=	9783.98311900
LLYAHINAL	=	10422.04588000
YQERFVLAL	=	11489.96998000
YILGFAIPI	=	13579.98170000
YLPEVISTI	=	16743.01446000
RVFNNYMPY	=	17927.00122000
KMFNRASYF	=	24999.99311000
RVMAPRALL	=	24999.99311000
RTVSVMFFI	=	24999.99311000
KMIGNLLSF	=	24999.99311000
MMHASTSPF	=	24999.99311000
MQYLNPPPY	=	24999.99311000
RARRHLAAL	=	24999.99311000
LFPELDCFF	=	24999.99311000
MAMGILHTI	=	24999.99311000
KTVLFGRVM	=	24999.99311000
RLIGHISTL	=	24999.99311000
KTMMQAHDL	=	24999.99311000
LFPELECFF	=	24999.99311000
TVFYNIPPM	=	24999.99311000
TSDYINTSL	=	24999.99311000
RVYAELAAL	=	24999.99311000
ITLPISASL	=	24999.99311000
SLYSGFPSL	=	24999.99311000
SMHFYGWSL	=	24999.99311000
SMIYFFHHY	=	24999.99311000
IMANRAQVL	=	24999.99311000
TTLSIYFLL	=	24999.99311000
ILYAHLHKL	=	24999.99311000
HLPGFGTAF	=	24999.99311000
VMAASGAPF	=	24999.99311000
STYGISEDL	=	24999.99311000
GTFEFTSFF	=	24999.99311000
KSFGRISVL	=	24999.99311000
RMAATAQVL	=	24999.99311000
RSRCRLHHL	=	24999.99311000
RPMTYKAAL	=	24999.99311000
FPPLAGSDF	=	24999.99311000
YIPFAEDAL	=	24999.99311000
YSLLNRKAI	=	24999.99311000
FPPTSFGPL	=	24999.99311000
AMYAPYGPF	=	24999.99311000
YPARVKCAL	=	24999.99311000
WMYEGKHVL	=	24999.99311000
AMLHWSLIL	=	24999.99311000
YTLNNGGAF	=	24999.99311000
VMPPRTLLL	=	24999.99311000
VMFRNASEY	=	24999.99311000
FQPQSGNAM	=	24999.99311000
YLQQNTHTL	=	24999.99311000
YLRKHIRAL	=	24999.99311000
FPPEIINVI	=	24999.99311000
RPPMVTSGL	=	24999.99311000
FTIGNMFSL	=	24999.99311000
LSVSSRCPI	=	24999.99311000
CAMFWYHYI	=	24999.99311000
FAFKLSFAI	=	24999.99311000
FLPKAAYAL	=	24999.99311000
YMRERFEPM	=	24999.99311000
FMIVNNFPV	=	24999.99311000
YMKKRYEEF	=	24999.99311000
YMKERFTVL	=	24999.99311000
YLYLRPYAL	=	24999.99311000
RAYRNALSM	=	24999.99311000
