FSPRLCRPF	=	10.00004383
FTMRLLSPV	=	21.00001837
SQMGLSCAL	=	33.99999913
GMYGHPFAL	=	39.00017399
IAPWYAFAL	=	41.00012529
YNAELLVAL	=	43.99979592
SSARYDVAL	=	51.99993000
YQLEMYHPI	=	98.99967411
RTAFLRFWL	=	101.00018300
YSQGAFTPL	=	139.99988450
FHARFVQAL	=	165.00087060
ILRQNMIAL	=	182.00067590
KMNAKAATL	=	211.00095750
YQAGISAAL	=	262.00007640
KAYANMWSL	=	264.99930460
SLFKNVRLL	=	272.99972080
RVRWRNYAL	=	278.99886310
YMPSVVETL	=	289.99903480
TNFEFFGKL	=	295.99999420
ATFLWWIPL	=	309.00158740
AAAAFEAAL	=	316.00036070
YSPALNKMF	=	337.99881040
AMMWRIAQL	=	462.99895990
FTRMVVAAL	=	475.99750860
IMRRRQYVL	=	480.99868010
FSDLLRVSL	=	559.99984660
VMAPRTLVL	=	563.00104280
FAMRLLQAV	=	572.99973810
YMRWRKHWL	=	583.99686230
FLIYFRSPL	=	622.99829700
MGAGLVFPI	=	823.99967480
FMYEGDTPL	=	874.00301740
KAVYNFATM	=	930.00443540
MSRRRIYVL	=	937.00391620
MMQVWIQPL	=	962.10171710
SVFSRPLPL	=	995.99622820
YGIPFPGSL	=	1030.99558600
YNLRRGTAL	=	1056.00269000
YHQRFVQAL	=	1110.99624700
YSDIFNNVL	=	1135.00495300
SQYHRFPIY	=	1229.00594000
YTFFFTQYF	=	1339.99584400
ETIGLVRAL	=	1416.99700500
FMFDYIPPV	=	1483.00357600
KSYEHQTPF	=	1631.00593900
FTFEWNGRI	=	1695.99092100
YLRQRQAAL	=	2083.99470400
LTMNLVSDI	=	2216.99810300
YIVGYYSAL	=	2475.01218400
RMKMRRPHL	=	2499.98835300
KLYERNTAF	=	2524.99799600
RIYKRSLKL	=	2703.99272000
RLPAYAPLL	=	2878.99392300
YTGLKALVL	=	2939.01419700
SQAFNTPAL	=	4347.01984400
YVVWLMFSL	=	4598.00965800
VPAMFTAAL	=	4609.01744100
VLIRRCHYL	=	5158.01188500
YGLERLAAM	=	5802.01621700
FGALFMWLL	=	5871.99121400
IMYNYPAML	=	6042.72692600
FPMIIGSEL	=	6920.97770900
AVPQVLGGL	=	7325.02057900
VSFLISWSL	=	7894.00737500
KQRCALPSL	=	9009.00131900
FPVAMLSCL	=	9783.98311900
LLYAHINAL	=	10422.04588000
YQERFVLAL	=	11489.96998000
YILGFAIPI	=	13579.98170000
VMAPRTLIL	=	15426.99168000
RVFNNYMPY	=	17927.00122000
KMFNRASYF	=	24999.99311000
RVMAPRALL	=	24999.99311000
RTVSVMFFI	=	24999.99311000
KMIGNLLSF	=	24999.99311000
MMHASTSPF	=	24999.99311000
LSPGMMMGM	=	24999.99311000
MQYLNPPPY	=	24999.99311000
KVRGRLLAL	=	24999.99311000
RARRHLAAL	=	24999.99311000
KTVLFGRVM	=	24999.99311000
RLIGHISTL	=	24999.99311000
KTMMQAHDL	=	24999.99311000
LFPELECFF	=	24999.99311000
TVFYNIPPM	=	24999.99311000
TGIAIIAYI	=	24999.99311000
TSDYINTSL	=	24999.99311000
ITLPISASL	=	24999.99311000
SLYSGFPSL	=	24999.99311000
SMHFYGWSL	=	24999.99311000
TTLSIYFLL	=	24999.99311000
ILYAHLHKL	=	24999.99311000
HLPGFGTAF	=	24999.99311000
VMAASGAPF	=	24999.99311000
GTFEFTSFF	=	24999.99311000
KSFGRISVL	=	24999.99311000
GFPSLESSF	=	24999.99311000
HTMWHVTRGAF	=	24999.99311000
RMAATAQVL	=	24999.99311000
RPMTYKAAL	=	24999.99311000
ASYQFQLPY	=	24999.99311000
FPPLAGSDF	=	24999.99311000
YIPFAEDAL	=	24999.99311000
YSLLNRKAI	=	24999.99311000
FPPTSFGPL	=	24999.99311000
YPARVKCAL	=	24999.99311000
AMRWGHLPL	=	24999.99311000
WMYEGKHVL	=	24999.99311000
YTLNNGGAF	=	24999.99311000
VMPPRTLLL	=	24999.99311000
AYPELACAV	=	24999.99311000
FQPQSGNAM	=	24999.99311000
YLQQNTHTL	=	24999.99311000
FPPEIINVI	=	24999.99311000
RPPMVTSGL	=	24999.99311000
RQHPGLFPF	=	24999.99311000
SSLLWGFYL	=	24999.99311000
LSVSSRCPI	=	24999.99311000
FLPKAAYAL	=	24999.99311000
FMIVNNFPV	=	24999.99311000
YMKKRYEEF	=	24999.99311000
FSYNVAYAI	=	24999.99311000
YMKERFTVL	=	24999.99311000
YLYLRPYAL	=	24999.99311000
YQVPFVQAF	=	24999.99311000
KQLESVMYL	=	24999.99311000
RAYRNALSM	=	24999.99311000
