FSPRLCRPF	=	10.00004383
YTMELCGAM	=	13.99992708
FTMRLLSPV	=	21.00001837
SQMGLSCAL	=	33.99999913
IAPWYAFAL	=	41.00012529
YNAELLVAL	=	43.99979592
YMRERLSDF	=	75.00028153
RLYPFGSYY	=	92.00021563
RTAFLRFWL	=	101.00018300
YAMAIRQAI	=	135.00020850
YSQGAFTPL	=	139.99988450
KSAFYQSYL	=	141.00015810
ITPTIYLLL	=	153.00024420
FHARFVQAL	=	165.00087060
ILRQNMIAL	=	182.00067590
KMNAKAATL	=	211.00095750
KAYANMWSL	=	264.99930460
SLFKNVRLL	=	272.99972080
RVRWRNYAL	=	278.99886310
YMPSVVETL	=	289.99903480
TNFEFFGKL	=	295.99999420
AAAAFEAAL	=	316.00036070
VLPPLSADL	=	418.99922650
AMMWRIAQL	=	462.99895990
FTRMVVAAL	=	475.99750860
FSDLLRVSL	=	559.99984660
RMLPKLAEF	=	577.99981090
YMRWRKHWL	=	583.99686230
FLIYFRSPL	=	622.99829700
RAMRMVYYL	=	660.99720540
MGAGLVFPI	=	823.99967480
FMYEGDTPL	=	874.00301740
KAVYNFATM	=	930.00443540
MMQVWIQPL	=	962.10171710
SVFSRPLPL	=	995.99622820
YGIPFPGSL	=	1030.99558600
STPAILHIM	=	1045.00031600
YNLRRGTAL	=	1056.00269000
YHQRFVQAL	=	1110.99624700
YSDIFNNVL	=	1135.00495300
SQYHRFPIY	=	1229.00594000
YLRQRQVAL	=	1254.99440600
HMMAVTLFY	=	1337.99654900
KSYAQMWLL	=	1338.99582300
YTFFFTQYF	=	1339.99584400
ETIGLVRAL	=	1416.99700500
FMFDYIPPV	=	1483.00357600
KSYEHQTPF	=	1631.00593900
YLRQRQAAL	=	2083.99470400
LTMNLVSDI	=	2216.99810300
YIVGYYSAL	=	2475.01218400
RMKMRRPHL	=	2499.98835300
KLYERNTAF	=	2524.99799600
IVLSHILPL	=	2557.99565100
RIYKRSLKL	=	2703.99272000
RLPAYAPLL	=	2878.99392300
RLDARLQVL	=	2907.00866500
YTGLKALVL	=	2939.01419700
ISCQIYNAL	=	3885.01606700
VPAMFTAAL	=	4609.01744100
APPPFRLPL	=	5367.99546100
FGALFMWLL	=	5871.99121400
FPMIIGSEL	=	6920.97770900
KQRCALPSL	=	9009.00131900
FPVAMLSCL	=	9783.98311900
LLYAHINAL	=	10422.04588000
VMAPRTLIL	=	15426.99168000
YLPEVISTI	=	16743.01446000
KMFNRASYF	=	24999.99311000
KMIGNLLSF	=	24999.99311000
MMHASTSPF	=	24999.99311000
LSPGMMMGM	=	24999.99311000
KVRGRLLAL	=	24999.99311000
RARRHLAAL	=	24999.99311000
LFPELDCFF	=	24999.99311000
MAMGILHTI	=	24999.99311000
KTVLFGRVM	=	24999.99311000
RLIGHISTL	=	24999.99311000
LFPELECFF	=	24999.99311000
TVFYNIPPM	=	24999.99311000
TGIAIIAYI	=	24999.99311000
TSDYINTSL	=	24999.99311000
RVYAELAAL	=	24999.99311000
ITLPISASL	=	24999.99311000
SLYSGFPSL	=	24999.99311000
SMHFYGWSL	=	24999.99311000
SMIYFFHHY	=	24999.99311000
IMANRAQVL	=	24999.99311000
TTLSIYFLL	=	24999.99311000
ILYAHLHKL	=	24999.99311000
STYGISEDL	=	24999.99311000
GTFEFTSFF	=	24999.99311000
KSFGRISVL	=	24999.99311000
GFPSLESSF	=	24999.99311000
HTMWHVTRGAF	=	24999.99311000
RMAATAQVL	=	24999.99311000
RSRCRLHHL	=	24999.99311000
RPMTYKAAL	=	24999.99311000
ASYQFQLPY	=	24999.99311000
FPPLAGSDF	=	24999.99311000
YSLLNRKAI	=	24999.99311000
FPPTSFGPL	=	24999.99311000
AMYAPYGPF	=	24999.99311000
AMRWGHLPL	=	24999.99311000
WMYEGKHVL	=	24999.99311000
AMLHWSLIL	=	24999.99311000
YTLNNGGAF	=	24999.99311000
VMFRNASEY	=	24999.99311000
AYPELACAV	=	24999.99311000
FQPQSGNAM	=	24999.99311000
YLQQNTHTL	=	24999.99311000
YLRKHIRAL	=	24999.99311000
FPPEIINVI	=	24999.99311000
RPPMVTSGL	=	24999.99311000
RQHPGLFPF	=	24999.99311000
SSLLWGFYL	=	24999.99311000
FTIGNMFSL	=	24999.99311000
CAMFWYHYI	=	24999.99311000
FAFKLSFAI	=	24999.99311000
FLPKAAYAL	=	24999.99311000
YMRERFEPM	=	24999.99311000
YMKKRYEEF	=	24999.99311000
FSYNVAYAI	=	24999.99311000
YLYLRPYAL	=	24999.99311000
YQVPFVQAF	=	24999.99311000
KQLESVMYL	=	24999.99311000
RAYRNALSM	=	24999.99311000
