FSPRLCRPF	=	10.00004383
FTMRLLSPV	=	21.00001837
SQMGLSCAL	=	33.99999913
YNAELLVAL	=	43.99979592
RVRWRNYAL	=	278.99886310
FTRMVVAAL	=	475.99750860
FSDLLRVSL	=	559.99984660
FMYEGDTPL	=	874.00301740
KAVYNFATM	=	930.00443540
MMQVWIQPL	=	962.10171710
YNLRRGTAL	=	1056.00269000
YHQRFVQAL	=	1110.99624700
LTMNLVSDI	=	2216.99810300
YIVGYYSAL	=	2475.01218400
RIYKRSLKL	=	2703.99272000
YTGLKALVL	=	2939.01419700
VPAMFTAAL	=	4609.01744100
VMAPRTLIL	=	15426.99168000
LSPGMMMGM	=	24999.99311000
KVRGRLLAL	=	24999.99311000
TGIAIIAYI	=	24999.99311000
GFPSLESSF	=	24999.99311000
HTMWHVTRGAF	=	24999.99311000
ASYQFQLPY	=	24999.99311000
AMRWGHLPL	=	24999.99311000
AYPELACAV	=	24999.99311000
RQHPGLFPF	=	24999.99311000
SSLLWGFYL	=	24999.99311000
FSYNVAYAI	=	24999.99311000
YQVPFVQAF	=	24999.99311000
KQLESVMYL	=	24999.99311000
