RTAFLRFWL	=	101.00018300
YSQGAFTPL	=	139.99988450
FHARFVQAL	=	165.00087060
KMNAKAATL	=	211.00095750
AAAAFEAAL	=	316.00036070
AMMWRIAQL	=	462.99895990
SVFSRPLPL	=	995.99622820
YGIPFPGSL	=	1030.99558600
SQYHRFPIY	=	1229.00594000
YTFFFTQYF	=	1339.99584400
ETIGLVRAL	=	1416.99700500
KSYEHQTPF	=	1631.00593900
YLRQRQAAL	=	2083.99470400
RMKMRRPHL	=	2499.98835300
KLYERNTAF	=	2524.99799600
KQRCALPSL	=	9009.00131900
LLYAHINAL	=	10422.04588000
KMFNRASYF	=	24999.99311000
RARRHLAAL	=	24999.99311000
RLIGHISTL	=	24999.99311000
TVFYNIPPM	=	24999.99311000
SLYSGFPSL	=	24999.99311000
SMHFYGWSL	=	24999.99311000
GTFEFTSFF	=	24999.99311000
RMAATAQVL	=	24999.99311000
FPPLAGSDF	=	24999.99311000
YSLLNRKAI	=	24999.99311000
FQPQSGNAM	=	24999.99311000
YLQQNTHTL	=	24999.99311000
FPPEIINVI	=	24999.99311000
FLPKAAYAL	=	24999.99311000
