YTMELCGAM	=	13.99992708
YMRERLSDF	=	75.00028153
RLYPFGSYY	=	92.00021563
YAMAIRQAI	=	135.00020850
KSAFYQSYL	=	141.00015810
ITPTIYLLL	=	153.00024420
VLPPLSADL	=	418.99922650
RMLPKLAEF	=	577.99981090
RAMRMVYYL	=	660.99720540
STPAILHIM	=	1045.00031600
YLRQRQVAL	=	1254.99440600
HMMAVTLFY	=	1337.99654900
KSYAQMWLL	=	1338.99582300
IVLSHILPL	=	2557.99565100
RLDARLQVL	=	2907.00866500
ISCQIYNAL	=	3885.01606700
APPPFRLPL	=	5367.99546100
YLPEVISTI	=	16743.01446000
LFPELDCFF	=	24999.99311000
MAMGILHTI	=	24999.99311000
RVYAELAAL	=	24999.99311000
SMIYFFHHY	=	24999.99311000
IMANRAQVL	=	24999.99311000
STYGISEDL	=	24999.99311000
RSRCRLHHL	=	24999.99311000
AMYAPYGPF	=	24999.99311000
AMLHWSLIL	=	24999.99311000
VMFRNASEY	=	24999.99311000
YLRKHIRAL	=	24999.99311000
FTIGNMFSL	=	24999.99311000
CAMFWYHYI	=	24999.99311000
FAFKLSFAI	=	24999.99311000
YMRERFEPM	=	24999.99311000
