IAPWYAFAL	=	41.00012529
ILRQNMIAL	=	182.00067590
KAYANMWSL	=	264.99930460
SLFKNVRLL	=	272.99972080
YMPSVVETL	=	289.99903480
TNFEFFGKL	=	295.99999420
YMRWRKHWL	=	583.99686230
FLIYFRSPL	=	622.99829700
MGAGLVFPI	=	823.99967480
YSDIFNNVL	=	1135.00495300
FMFDYIPPV	=	1483.00357600
RLPAYAPLL	=	2878.99392300
FGALFMWLL	=	5871.99121400
FPMIIGSEL	=	6920.97770900
FPVAMLSCL	=	9783.98311900
KMIGNLLSF	=	24999.99311000
MMHASTSPF	=	24999.99311000
KTVLFGRVM	=	24999.99311000
LFPELECFF	=	24999.99311000
TSDYINTSL	=	24999.99311000
ITLPISASL	=	24999.99311000
TTLSIYFLL	=	24999.99311000
ILYAHLHKL	=	24999.99311000
KSFGRISVL	=	24999.99311000
RPMTYKAAL	=	24999.99311000
FPPTSFGPL	=	24999.99311000
WMYEGKHVL	=	24999.99311000
YTLNNGGAF	=	24999.99311000
RPPMVTSGL	=	24999.99311000
YMKKRYEEF	=	24999.99311000
YLYLRPYAL	=	24999.99311000
RAYRNALSM	=	24999.99311000
