GMYGHPFAL	=	39.00017399
SSARYDVAL	=	51.99993000
YQLEMYHPI	=	98.99967411
YQAGISAAL	=	262.00007640
ATFLWWIPL	=	309.00158740
YSPALNKMF	=	337.99881040
IMRRRQYVL	=	480.99868010
VMAPRTLVL	=	563.00104280
FAMRLLQAV	=	572.99973810
MSRRRIYVL	=	937.00391620
FTFEWNGRI	=	1695.99092100
SQAFNTPAL	=	4347.01984400
YVVWLMFSL	=	4598.00965800
VLIRRCHYL	=	5158.01188500
YGLERLAAM	=	5802.01621700
IMYNYPAML	=	6042.72692600
AVPQVLGGL	=	7325.02057900
VSFLISWSL	=	7894.00737500
YQERFVLAL	=	11489.96998000
YILGFAIPI	=	13579.98170000
RVFNNYMPY	=	17927.00122000
RVMAPRALL	=	24999.99311000
RTVSVMFFI	=	24999.99311000
MQYLNPPPY	=	24999.99311000
KTMMQAHDL	=	24999.99311000
HLPGFGTAF	=	24999.99311000
VMAASGAPF	=	24999.99311000
YIPFAEDAL	=	24999.99311000
YPARVKCAL	=	24999.99311000
VMPPRTLLL	=	24999.99311000
LSVSSRCPI	=	24999.99311000
FMIVNNFPV	=	24999.99311000
YMKERFTVL	=	24999.99311000
