FPVTPQVPL	=	1.05861200
APRTLVYLL	=	2.43479000
SPAIFQSSM	=	5.52921300
TPGPGTRYPL	=	6.51131700
HPVHAGPIA	=	20.00009317
IPQSLDSYWTSL	=	32.27348200
SPGDLQTLAL	=	35.13323950
TPSDLNSML	=	36.99996868
KFNPMKTYI	=	68.48498400
TPQDLNSML	=	99.99979463
RMYSPTSI	=	120.84966700
ERYFRIHSL	=	360.89431200
AEQASQDVKNW	=	464.07713200
RYPLTLGW	=	514.54212200
HPGSVNEFDF	=	877.11150200
RPQVPLRPM	<	1500.00000000
TPQDLNTML	<	1500.00000000
QGWKGSPAI	=	2281.60115500
AFDLSHFLK	=	4351.92530900
KLWASQIY	=	6310.98865500
AYIAFPTSCHMFI	=	6445.88905900
ISPRTLNAW	=	11467.88991000
GSPGDLQTLAL	=	14747.14534000
ETINEEAADW	=	15747.35458000
FLKEKGGL	=	16808.22963000
HTQGYFPDWQ	=	18315.50982000
RPGGKKHYK	=	19999.92337000
ITLWQRPLV	=	22212.14315000
GSVNVVYTF	=	35015.33138000
AEQASQEVKNW	=	53266.89768000
RISGVDRYY	=	55296.74440000
ISDSNPYLTQW	>	63291.13924000
YTAVVPLVY	=	65795.16950000
ERYLKDQQL	=	66296.44035000
TLALEVAQQK	>	70422.53521000
RTSKTSLER	>	70422.53521000
RTSKAALER	>	70422.53521000
PLRPMTYK	>	70422.53521000
LAYFPVFRFLNGS	>	70422.53521000
SSRLKRLPPE	>	70422.53521000
ALDLSHFLK	>	70422.53521000
KVFPYALINK	>	70422.53521000
IYQEPFKNLK	>	70422.53521000
IEELREHLL	>	70422.53521000
LERTSKASLER	>	70422.53521000
SEIDLILGY	>	78125.00000000
DRFFKTLRA	>	78125.00000000
KQNPDIVIY	>	78125.00000000
