FPVKPQVPL	=	1.49082200
RPNNNTRKSI	=	2.61649100
IPRRIRQGL	=	4.00000221
FPFLYKFLL	=	7.90228700
LPFPFLYKFLL	=	12.79745500
TPQDLNMML	=	14.99999470
LPQFATAAT	=	17.14126400
RPGGKKQYM	=	26.99993079
IVTDSQYAL	=	84.68198500
YVADALAAF	=	159.51097300
KEKGGLEGM	=	207.98138900
GPGHKARVL	=	339.94584200
AFPTSCHM	=	522.18339500
ERYFRINSL	=	1565.16078600
ILKEPVHGV	=	1816.39057900
KAALDLSHFL	=	3137.54228500
DPNPQEVVL	=	3325.89166100
KAAVDLSHFL	=	4175.98049200
YEFLQPILL	=	4887.41046200
VWAPLILAYFPVF	=	5340.48459200
RFPLTFGW	=	7012.29857600
LSPRTLNAW	=	9456.83583900
ETFGFEIQSY	=	9688.85969200
TSTLQEQIAW	=	9948.76431100
FLKENGGL	=	11810.75903000
LVGPTPVNI	=	12020.93273000
AFPTSCHMFIICF	=	12186.42564000
QAISPRTLNAW	=	17072.38890000
CFTSLVWAPLILA	=	17556.94172000
RPGGKKKYK	=	19999.92337000
DHQAAFQYI	=	22225.51514000
VLEWRFDSRL	=	22993.42758000
PLILAYFPVFRFL	=	28068.36091000
HPDIVIYQY	=	36369.64837000
FLGKIWPSHK	=	41944.97049000
ETINEEAAEW	=	50872.53272000
RSLYNTVATLY	>	70422.53521000
QVPLRPMTYK	>	70422.53521000
QRSTLERTSKASLER	>	70422.53521000
LALEVARQKR	>	70422.53521000
KYQLKHIVW	>	70422.53521000
KEKGGLEGL	>	70422.53521000
TSNLQEQIGW	>	70422.53521000
FKRKGGIGGY	>	70422.53521000
AVDLSHFLR	>	70422.53521000
FSFPQITLW	>	78125.00000000
AQFSPQYL	>	87719.29825000
