FPRPWLHGL	=	1.00000000
TPQVPLRPM	=	1.00000000
FPRIWLHSL	=	2.00000055
YPGIKVRQL	=	2.99998662
FPVRPQVPL	=	3.68440300
FPYSTFPII	=	18.70378000
VPFVVFLVA	=	35.79446450
FPVTPQVPLR	=	81.49439000
ITLWQRPIV	=	134.34189300
KGAVDLSHFL	=	161.97756500
TPGDLNTML	=	173.99981260
FPVKPQVPLR	=	384.75840900
RYPLTFGW	=	508.64918400
AYIDNYNKF	=	839.97779800
SVNCFTSLVWAPL	=	876.69770300
ATYCYKCSPL	=	1145.31810100
NPDIVIYQY	=	1286.50951800
FLRGRAYGI	=	1374.59245400
TAFTIPSI	=	2631.47456900
TAFTIPST	=	3199.41705300
IEELRRHLL	=	4550.01436500
YPLTFGWCY	=	8214.16088300
TLYCVHQRI	=	12050.32058000
YRHDGGNVL	=	13367.45498000
ITTESIVIW	=	13514.74757000
QVPLRPMTSK	=	19346.46494000
RPGGKKHYR	=	19999.92337000
YTGDFDSVI	=	26170.12067000
SRMASVALAF	=	31996.76060000
YHSNVKEL	=	32934.43257000
TQIGCTLNF	=	37046.14883000
FVNYNFTLV	=	60975.60976000
AEFKYIAAV	=	66755.73373000
TLALEVARQK	>	70422.53521000
QVPLRPMTFK	>	70422.53521000
PLALEGSLQK	>	70422.53521000
QIYAGIKVK	>	70422.53521000
STTVKAACWW	>	70422.53521000
QIYAGIKVR	>	70422.53521000
KEKGGLDGL	>	70422.53521000
TSTLQEQIGW	>	70422.53521000
KSINKVYGK	>	78125.00000000
IRFPKTFGY	>	78125.00000000
KAGQYVTIW	>	78125.00000000
SEAAYAKKI	>	78125.00000000
YQAVVPLVY	>	78125.00000000
