RPGGKKHYM	=	7.00003735
TPGPGIRYPL	=	7.44038200
GPKRIVKCF	=	8.00000662
IIKDYGKQM	=	19.00002630
IPRRIRQGF	=	23.00004123
TPSDLNTML	=	26.99993079
RILHNFAYSL	=	37.29001300
GPSHKARVL	=	106.04426400
TPEDLNTML	=	229.00071220
KTKDYVNGL	=	285.68283900
ATPYDINQML	=	321.54555200
LKFSLPFPFLYKFLL	=	443.33237700
IPLTEEAEL	=	675.65809600
LVSAGIRKV	=	720.04754600
ELVNQIIEQL	=	833.19814600
PLRPMTYR	=	995.36463000
AINSEMFLL	=	1474.93549400
FLKEEGGL	=	1487.75857500
RRAARAEYL	=	2418.19122900
RGYVFQGL	=	2525.33473300
GLYSSTVPV	=	2657.83755500
FLGKIWPSYK	=	3252.40656400
RGPYRAFVTI	=	3631.08008900
KIQNFRVYY	=	5349.21828800
GPGAGSLQPLAL	=	6066.22974600
YVFPVIFSR	=	6606.51311200
QALSPRTLNAW	=	9900.97767000
TVYYGVPVWK	=	17600.83360000
AYISSEATTPV	=	19569.82514000
SLVWAPLILAYF	=	19870.74902000
FLKEMGGL	=	21536.52461000
VHPVHAGPIA	=	24177.45222000
RRDYRRGL	=	37177.03323000
VPLDEDFRKY	=	41316.66308000
STLERTSKASLER	=	42309.04758000
KRWIIMGLNK	>	70422.53521000
RSLFNTVATLY	>	70422.53521000
NTQGYFPDWQ	>	70422.53521000
LALEGSLQKR	>	70422.53521000
AVDLSHFLK	>	70422.53521000
ASSASYASPS	>	70422.53521000
SFEPIPIHY	=	73058.14000000
FRYNGLIHR	>	78125.00000000
AYIDNYNKV	>	78125.00000000
SDYLELDTI	>	78125.00000000
VGNVYVKF	>	87719.29825000
