RPMTYKAAV	<	1.00000000
SPRTLNAWV	=	2.00000055
RPMTYKAAL	=	2.17990800
TPGPGVRYPL	=	2.52973200
LPPVVAKEI	=	3.62367600
RPMTYKAAF	=	5.00002054
LPPIVAKEI	=	7.00003735
RPMTFKAAV	=	9.18807400
SPAIFQCSM	=	9.82102700
FPQGKAREF	=	16.87026400
FPTSCHMF	=	35.20346900
TWEAWWTEYW	=	173.93788800
FSLPFPFLYKFLL	=	562.01458800
FPVRPQVPLR	=	748.18877700
PIQKETWDTW	=	1115.86907100
TSAPTTCSVL	=	1167.56141800
EEMNLPGRW	=	1737.53953700
TLYCVHQGI	=	1813.73286700
SGPSNTYPEI	=	2026.62137900
FLPSDYFPSV	=	2541.26463200
GQQRSTLERTSKASL	=	3726.99539200
KAAFDLSHFL	=	5277.66289200
HPEIVIYQY	=	5441.69520000
YVIKVSARV	=	6360.34836300
KYRLKHIVW	=	6691.74238500
PGDLQTLAL	=	7728.12296300
FLKEQGGL	=	20101.28392000
YVFPVIFSK	=	25311.34609000
ANRAPTGDPS	=	61896.09769000
IEELRQHLL	=	64102.56410000
KYKLKHIVW	=	66421.08596000
PIQKETWETW	>	70422.53521000
IVLPEKDSW	>	70422.53521000
RTSKAPLER	>	70422.53521000
AINSEMFLR	>	70422.53521000
RTSKASLER	>	70422.53521000
KIRLRPGGK	>	70422.53521000
IELPEKDSW	>	70422.53521000
SNFTSTTVK	>	78125.00000000
RLRPGGKKK	>	78125.00000000
RKAKIIRDY	>	78125.00000000
AQIDNYNKF	>	78125.00000000
KFYGPFVDR	>	78125.00000000
WTVNDIQKL	>	78125.00000000
YLPTQQDVL	>	78125.00000000
GDYKLVEI	>	87719.29825000
