AAVDNAVVV	=	1.00000000
YAYEPGSVM	=	1.00000000
FAFHTVFHI	=	1.00000000
YTYPCIPEY	=	1.00000000
YTFCGTIEY	=	1.00000000
YQFTGIKKY	=	1.00000000
YAQMWTLMY	=	2.00000000
RAYWIHLMM	=	2.00000000
YARNFLIPF	=	4.00000000
YAAPQLFPV	=	4.00000000
FTFDNSKFV	=	6.00000000
YSALRPHEY	=	9.00000000
YSAEALLPY	=	13.00000000
MYYPAQLYL	=	29.00000000
FSLPSSSSY	=	43.00000000
MMFDAMGAL	=	46.00000000
YTIDLNDAF	=	62.00000000
YMRERLSDF	=	94.00000000
MMHASTSPF	=	110.00000000
RATSHVPEF	=	148.00000000
YLRKHIRAL	=	193.00000000
LAANFVVAL	=	206.00000000
MTACGRIVV	=	223.00000000
KLYERNTAF	=	266.00000000
YTMDGEYRL	=	347.00000000
FLRKNQRAL	=	383.00000000
FLADYGWRL	=	413.00000000
WMYNIQPYL	=	454.00000000
VSFICTTIL	=	485.00000000
FIFLKKNEL	=	1445.00000000
SMVKLPIFL	=	1971.00000000
VMAPRTLVL	=	2276.00000000
