AAVDNAVVV	=	1.00000000
KAVETPILV	=	1.00000000
KAFQDVLYV	=	1.00000000
YAYEPGSVM	=	1.00000000
FAFHTVFHI	=	1.00000000
FAFCRITSF	=	1.00000000
FIIDNFGSV	=	1.00000000
FAAPHRGVA	=	1.00000000
FAYKTGSSM	=	1.00000000
YTYPCIPEY	=	1.00000000
YAKFARITL	=	1.00000000
VAIDRPAEV	=	1.00000000
FMAAFYRVM	=	1.00000000
YTFCGTIEY	=	1.00000000
FTRDTGATL	=	1.00000000
FVFGIPLLV	=	1.00000000
IAFTRLFTV	=	1.00000000
FVFEATKLY	=	1.00000000
YTIEGIAFM	=	1.00000000
YQFTGIKKY	=	1.00000000
KSFGRISVL	=	1.00000000
NTFKFGVIY	=	1.00000000
VAANIVLTV	=	1.00000000
IAMESIVIW	=	1.00000000
YAQMWTLMY	=	2.00000000
YSKPWMAFF	=	2.00000000
IAAPNMIAV	=	2.00000000
RAYWIHLMM	=	2.00000000
RVYAHVRSV	=	3.00000000
TQFAGVVTV	=	3.00000000
YARNFLIPF	=	4.00000000
YLYPWSLGL	=	4.00000000
YAAPQLFPV	=	4.00000000
YTYPIAHTA	=	4.00000000
FTFDNSKFV	=	6.00000000
IAYESSNKI	=	7.00000000
YSALRPHEY	=	9.00000000
LAAEEILTL	=	10.00000000
YSAEALLPY	=	13.00000000
RMMETWHPL	=	13.00000000
KSYEHQTPF	=	14.00000000
MACHRVLTY	=	18.00000000
VATVNAVTV	=	18.00000000
RASHFRKLF	=	19.00000000
FLRNFRTTL	=	20.00000000
WAKAHWRAL	=	21.00000000
FVRQCFNPM	=	22.00000000
YLMAWKQVL	=	22.00000000
YVIRDLAAM	=	23.00000000
YVIEPAAGL	=	23.00000000
HAATNFREI	=	25.00000000
RVYEALYYV	=	26.00000000
YMHGSIHEV	=	26.00000000
SLYAVTTAV	=	27.00000000
YNIDRLNAL	=	28.00000000
MYYPAQLYL	=	29.00000000
YLYLRPYAL	=	29.00000000
FLNPVIYTF	=	29.00000000
LAYEHDVPI	=	33.00000000
YLYASFCTV	=	34.00000000
FSLPSSSSY	=	43.00000000
VTFFCVMTY	=	43.00000000
MSWESTAEY	=	44.00000000
YTFFFTQYF	=	44.00000000
KVFFGPIYY	=	45.00000000
MMFDAMGAL	=	46.00000000
FLDPHPYYV	=	47.00000000
VAFYCAGRF	=	58.00000000
YLHDPLTPY	=	60.00000000
YTIDLNDAF	=	62.00000000
IVHPPMLYM	=	62.00000000
FVMPIFEQI	=	68.00000000
KAAGAAVAL	=	76.00000000
FARQNNGAF	=	81.00000000
YTMELCGAM	=	88.00000000
YMNGTMSQV	=	88.00000000
YMRERLSDF	=	94.00000000
YQVKYVSPV	=	94.00000000
FVAATGRPL	=	95.00000000
FQRAIMNAM	=	99.00000000
LVMAPRTVL	=	102.00000000
SMFDSWGPF	=	102.00000000
FASASSYAI	=	105.00000000
MMHASTSPF	=	110.00000000
FTRMVVAAL	=	139.00000000
RATSHVPEF	=	148.00000000
MTYLDGHPV	=	153.00000000
YLYETYHLI	=	155.00000000
YTAVVPLVY	=	171.00000000
YLRKHIRAL	=	193.00000000
YQAFRTKVH	=	204.00000000
LAANFVVAL	=	206.00000000
YRYCHQLAL	=	206.00000000
WTFTPTTPL	=	212.00000000
LLYAHINAL	=	222.00000000
MTACGRIVV	=	223.00000000
YMYAVSGAL	=	231.00000000
FLSDYGPQL	=	233.00000000
KLYERNTAF	=	266.00000000
FLLENAAYL	=	291.00000000
SLFKNVRLL	=	294.00000000
YLARYSGSM	=	300.00000000
IMYDHLPGF	=	306.00000000
VTNDGVIFF	=	319.00000000
YIIPCILIL	=	327.00000000
FTWQHNYYL	=	335.00000000
YTMDGEYRL	=	347.00000000
MLMAASRAL	=	361.00000000
FLRKNQRAL	=	383.00000000
VMAPRTLIL	=	397.00000000
FLADYGWRL	=	413.00000000
FLRKRRRFF	=	431.00000000
RARKRGITM	=	434.00000000
MSRKLHRYI	=	441.00000000
WMYNIQPYL	=	454.00000000
VSFICTTIL	=	485.00000000
EVAPHPVYY	=	612.00000000
RVYSDHQAL	=	650.00000000
FMPESSYLL	=	707.00000000
AMAGNPVVI	=	727.00000000
FSLENVRLM	=	772.00000000
FMRFAFLSM	=	894.00000000
RLYDYFTRV	=	932.00000000
LAIEATLAF	=	1037.00000000
YTIYGAWMF	=	1202.00000000
FIFLKKNEL	=	1445.00000000
MMWATAQAL	=	1635.00000000
YRHKVVKVM	=	1780.00000000
SMVKLPIFL	=	1971.00000000
VMAPRTLVL	=	2276.00000000
