KAVETPILV	=	1.00000000
FAFCRITSF	=	1.00000000
FIIDNFGSV	=	1.00000000
FMAAFYRVM	=	1.00000000
FTRDTGATL	=	1.00000000
FVFGIPLLV	=	1.00000000
YSKPWMAFF	=	2.00000000
RVYAHVRSV	=	3.00000000
TQFAGVVTV	=	3.00000000
YTYPIAHTA	=	4.00000000
VATVNAVTV	=	18.00000000
WAKAHWRAL	=	21.00000000
YLMAWKQVL	=	22.00000000
HAATNFREI	=	25.00000000
YNIDRLNAL	=	28.00000000
YTFFFTQYF	=	44.00000000
KVFFGPIYY	=	45.00000000
FLDPHPYYV	=	47.00000000
VAFYCAGRF	=	58.00000000
FARQNNGAF	=	81.00000000
YQVKYVSPV	=	94.00000000
FVAATGRPL	=	95.00000000
LVMAPRTVL	=	102.00000000
WTFTPTTPL	=	212.00000000
LLYAHINAL	=	222.00000000
FLSDYGPQL	=	233.00000000
YLARYSGSM	=	300.00000000
IMYDHLPGF	=	306.00000000
YIIPCILIL	=	327.00000000
RVYSDHQAL	=	650.00000000
AMAGNPVVI	=	727.00000000
FMRFAFLSM	=	894.00000000
YRHKVVKVM	=	1780.00000000
