AAVDNAVVV	=	1.00000000
KAVETPILV	=	1.00000000
YAYEPGSVM	=	1.00000000
FAFKLSFAI	=	1.00000000
FLKDVMESM	=	1.00000000
FAFHTVFHI	=	1.00000000
YAMAIRQAI	=	1.00000000
FAFCRITSF	=	1.00000000
FIFPASKVY	=	1.00000000
FIIDNFGSV	=	1.00000000
FIKNPACTV	=	1.00000000
FAAPHRGVA	=	1.00000000
FAYKTGSSM	=	1.00000000
YTYPCIPEY	=	1.00000000
FASSRMSTY	=	1.00000000
YAKFARITL	=	1.00000000
FLRDNRAVL	=	1.00000000
VAIDRPAEV	=	1.00000000
FMAAFYRVM	=	1.00000000
YTFCGTIEY	=	1.00000000
FTRDTGATL	=	1.00000000
FTSSFYNYV	=	1.00000000
WAWPFAAVL	=	1.00000000
FVFGIPLLV	=	1.00000000
YTIEGIAFM	=	1.00000000
YQVPFVQAF	=	1.00000000
YQFTGIKKY	=	1.00000000
KSFGRISVL	=	1.00000000
NTFKFGVIY	=	1.00000000
IAMESIVIW	=	1.00000000
YAQMWTLMY	=	2.00000000
YSKPWMAFF	=	2.00000000
IAAPNMIAV	=	2.00000000
RAYWIHLMM	=	2.00000000
RVYAHVRSV	=	3.00000000
TQFAGVVTV	=	3.00000000
YARNFLIPF	=	4.00000000
YAAPQLFPV	=	4.00000000
YTYPIAHTA	=	4.00000000
YMKAPSGAL	=	5.00000000
FTFDNSKFV	=	6.00000000
FIRDCSVAL	=	7.00000000
YSALRPHEY	=	9.00000000
FIYGYLEPV	=	12.00000000
YSAEALLPY	=	13.00000000
MACHRVLTY	=	18.00000000
VATVNAVTV	=	18.00000000
FLRNFRTTL	=	20.00000000
WAKAHWRAL	=	21.00000000
YLMAWKQVL	=	22.00000000
YVIEPAAGL	=	23.00000000
HAATNFREI	=	25.00000000
YMHGSIHEV	=	26.00000000
YNIDRLNAL	=	28.00000000
MYYPAQLYL	=	29.00000000
FLRDNLYHV	=	29.00000000
YMRERFEPM	=	38.00000000
RAAHRRQSV	=	40.00000000
FSLPSSSSY	=	43.00000000
VTFFCVMTY	=	43.00000000
YTFFFTQYF	=	44.00000000
MTAHITVPY	=	45.00000000
KVFFGPIYY	=	45.00000000
MMFDAMGAL	=	46.00000000
FLDPHPYYV	=	47.00000000
MAAAGATLY	=	47.00000000
VAFYCAGRF	=	58.00000000
YLHDPLTPY	=	60.00000000
YTIDLNDAF	=	62.00000000
IVHPPMLYM	=	62.00000000
FVMPIFEQI	=	68.00000000
FARQNNGAF	=	81.00000000
YTMELCGAM	=	88.00000000
YMNGTMSQV	=	88.00000000
YLQQNTHTL	=	90.00000000
YMRERLSDF	=	94.00000000
YQVKYVSPV	=	94.00000000
FVAATGRPL	=	95.00000000
LVMAPRTVL	=	102.00000000
SMFDSWGPF	=	102.00000000
MMHASTSPF	=	110.00000000
FVFAPTHGL	=	120.00000000
FFYLKRVVL	=	128.00000000
RATSHVPEF	=	148.00000000
MTYLDGHPV	=	153.00000000
RMMGKTNPL	=	156.00000000
FMFDSDEAM	=	174.00000000
FLFMDRDAL	=	177.00000000
FLMYPNNIF	=	178.00000000
YLRKHIRAL	=	193.00000000
YQAFRTKVH	=	204.00000000
LAANFVVAL	=	206.00000000
YVWWAAVIY	=	212.00000000
WTFTPTTPL	=	212.00000000
LLYAHINAL	=	222.00000000
MTACGRIVV	=	223.00000000
YMYAVSGAL	=	231.00000000
FLSDYGPQL	=	233.00000000
KLYERNTAF	=	266.00000000
YYWPRPRRY	=	283.00000000
FLLENAAYL	=	291.00000000
SLFKNVRLL	=	294.00000000
YLARYSGSM	=	300.00000000
IMYDHLPGF	=	306.00000000
YIIPCILIL	=	327.00000000
FTWQHNYYL	=	335.00000000
YTMDGEYRL	=	347.00000000
FVVDTTPPL	=	372.00000000
FLRKNQRAL	=	383.00000000
FLADYGWRL	=	413.00000000
FLRKRRRFF	=	431.00000000
RARKRGITM	=	434.00000000
YFIFVRAIL	=	436.00000000
MSRKLHRYI	=	441.00000000
WMYNIQPYL	=	454.00000000
VSFICTTIL	=	485.00000000
SQAPLPCVL	=	554.00000000
IASPILFPF	=	594.00000000
RVYSDHQAL	=	650.00000000
FMPESSYLL	=	707.00000000
AMAGNPVVI	=	727.00000000
FMRFAFLSM	=	894.00000000
LAIEATLAF	=	1037.00000000
IMYDSGAKY	=	1332.00000000
FIFLKKNEL	=	1445.00000000
MMWATAQAL	=	1635.00000000
YRHKVVKVM	=	1780.00000000
SMVKLPIFL	=	1971.00000000
VMAPRTLVL	=	2276.00000000
