FAFKLSFAI	=	1.00000000
FLKDVMESM	=	1.00000000
YAMAIRQAI	=	1.00000000
FIFPASKVY	=	1.00000000
FIKNPACTV	=	1.00000000
FASSRMSTY	=	1.00000000
FLRDNRAVL	=	1.00000000
FTSSFYNYV	=	1.00000000
WAWPFAAVL	=	1.00000000
YQVPFVQAF	=	1.00000000
YMKAPSGAL	=	5.00000000
FIRDCSVAL	=	7.00000000
FIYGYLEPV	=	12.00000000
FLRDNLYHV	=	29.00000000
YMRERFEPM	=	38.00000000
RAAHRRQSV	=	40.00000000
MTAHITVPY	=	45.00000000
MAAAGATLY	=	47.00000000
YLQQNTHTL	=	90.00000000
FVFAPTHGL	=	120.00000000
FFYLKRVVL	=	128.00000000
RMMGKTNPL	=	156.00000000
FMFDSDEAM	=	174.00000000
FLFMDRDAL	=	177.00000000
FLMYPNNIF	=	178.00000000
YVWWAAVIY	=	212.00000000
YYWPRPRRY	=	283.00000000
FVVDTTPPL	=	372.00000000
YFIFVRAIL	=	436.00000000
SQAPLPCVL	=	554.00000000
IASPILFPF	=	594.00000000
IMYDSGAKY	=	1332.00000000
