KAFQDVLYV	=	1.00000000
IAFTRLFTV	=	1.00000000
FVFEATKLY	=	1.00000000
VAANIVLTV	=	1.00000000
YLYPWSLGL	=	4.00000000
IAYESSNKI	=	7.00000000
LAAEEILTL	=	10.00000000
RMMETWHPL	=	13.00000000
KSYEHQTPF	=	14.00000000
RASHFRKLF	=	19.00000000
FVRQCFNPM	=	22.00000000
YVIRDLAAM	=	23.00000000
RVYEALYYV	=	26.00000000
SLYAVTTAV	=	27.00000000
YLYLRPYAL	=	29.00000000
FLNPVIYTF	=	29.00000000
LAYEHDVPI	=	33.00000000
YLYASFCTV	=	34.00000000
MSWESTAEY	=	44.00000000
KAAGAAVAL	=	76.00000000
FQRAIMNAM	=	99.00000000
FASASSYAI	=	105.00000000
FTRMVVAAL	=	139.00000000
YLYETYHLI	=	155.00000000
YTAVVPLVY	=	171.00000000
YRYCHQLAL	=	206.00000000
VTNDGVIFF	=	319.00000000
MLMAASRAL	=	361.00000000
VMAPRTLIL	=	397.00000000
EVAPHPVYY	=	612.00000000
FSLENVRLM	=	772.00000000
RLYDYFTRV	=	932.00000000
YTIYGAWMF	=	1202.00000000
