FAAPHRGVA	=	1.00000000
FAYKTGSSM	=	1.00000000
YAKFARITL	=	1.00000000
VAIDRPAEV	=	1.00000000
YTIEGIAFM	=	1.00000000
KSFGRISVL	=	1.00000000
NTFKFGVIY	=	1.00000000
IAMESIVIW	=	1.00000000
IAAPNMIAV	=	2.00000000
MACHRVLTY	=	18.00000000
FLRNFRTTL	=	20.00000000
YVIEPAAGL	=	23.00000000
YMHGSIHEV	=	26.00000000
VTFFCVMTY	=	43.00000000
YLHDPLTPY	=	60.00000000
IVHPPMLYM	=	62.00000000
FVMPIFEQI	=	68.00000000
YTMELCGAM	=	88.00000000
YMNGTMSQV	=	88.00000000
SMFDSWGPF	=	102.00000000
MTYLDGHPV	=	153.00000000
YQAFRTKVH	=	204.00000000
YMYAVSGAL	=	231.00000000
FLLENAAYL	=	291.00000000
SLFKNVRLL	=	294.00000000
FTWQHNYYL	=	335.00000000
FLRKRRRFF	=	431.00000000
RARKRGITM	=	434.00000000
MSRKLHRYI	=	441.00000000
FMPESSYLL	=	707.00000000
LAIEATLAF	=	1037.00000000
MMWATAQAL	=	1635.00000000
