FAFVTDNTY	=	2.85000000
WLWVSSSDM	=	3.00000000
MMYASWGVH	=	3.00000000
YMYRVWSPL	=	3.00000000
YMYAVSGAL	=	5.00000000
FIYFGKKQY	=	8.00000000
VMAASGAPF	=	8.00000000
FQYEHEQTF	=	13.00000000
YLHDPLTPY	=	14.00000000
ILQDRIRMY	=	20.00000000
MQLPQGGAF	=	23.83333333
FQLYSDLAH	=	25.95554128
FQHERLGQF	=	29.00000000
FVSVYFSDY	=	40.01666667
SMRFESSPH	=	49.00000000
QMRAVGQPL	=	53.00000000
RMMETWHPL	=	99.00000000
QQLESNLVM	=	111.80000000
GQRVYSWVY	=	113.61041786
EQRAGYQAF	=	116.90000000
YLKPPTAPH	=	125.00000000
RQAELSKAY	=	339.00000000
SALGFTGVY	=	384.93333333
QQLEADYTF	=	389.83333333
FILSGRFSY	=	396.73333333
EVYQVTVY	<	500.00000000
NMAPEKVDF	=	688.00000000
ALEPGFKDY	=	813.83333333
EQYEQILAF	<	1500.00000000
FQKDAKVLF	=	1715.77777233
GLAEKPNDY	=	2004.00000000
KIMQVDRPM	=	4000.00000000
LLLLISLVY	=	4571.00000000
FLPSDFFPSV	>	5000.00000000
KLEGKIVQY	=	20000.00000000
SLYDIITVM	=	20000.00000000
IQYPLWWGH	=	20000.00000000
YGGKKAVTY	=	20000.00000000
