FIKDGSSTY	=	3.96666667
SMFDSWGPF	=	5.00000000
MLREGNQAF	=	5.00000000
LQYAIRSVF	=	8.00000000
YLGTPNNTY	=	9.73195370
NLYGWHLPL	=	9.83333333
FVFEATKLY	=	10.00000000
YLARYSGSM	=	12.76666667
QQYAGWSAL	=	13.00000000
HLIQNPNPF	=	17.77766667
FMAAFYRVM	=	18.76666667
SLSSPDSAY	=	25.70000000
WQLGTRWRY	=	29.82202322
SLLATIHDM	=	31.00000000
ALFHKVQSY	=	38.00000000
HLWNHNQQM	=	49.96666667
WLKHIEKNY	=	51.00000000
ILRDGQRWY	=	55.73333333
QLLDFLLAY	=	55.93333333
YARAGSSSH	=	59.00000000
WLVNTYQNY	=	80.73333333
TQRKKTLGF	=	142.00000000
NQQGITPNY	=	149.00000000
GMGEAAAIF	=	158.00000000
ELNASFIVF	=	181.86666667
WMYYPRSPV	=	390.86666667
TQLPSKPHY	=	863.00000000
QLGPVGGVF	<	1000.00000000
ELWKNPTAF	<	1000.00000000
SQFGGGSQY	<	1000.00000000
YLYGQTTTY	<	1500.00000000
FPYGTTVTY	<	1500.00000000
IQTHCEVGY	=	20000.00000000
VQGYERIMY	=	20000.00000000
ILGETAWDF	=	20000.00000000
LLKWKKTDY	=	20000.00000000
AQEDDQYVF	=	20000.00000000
SLFVRSAGQ	=	20000.00000000
