YLAGAGLAF	=	3.00000000
WMACHSAAF	=	5.00000000
FLMYPNNIF	=	5.90000000
YAYEPGSVM	=	7.00000000
YSLAGSSPF	=	8.00000000
FAYKTGSSM	=	12.90000000
MQLQLNCAY	=	15.00000000
SQMPPQKIM	=	22.00000000
WQGPSAAAY	=	25.00000000
SSMNSDAAY	=	26.00000000
MQQSGDEAF	=	32.00000000
FSLTSSSKY	=	58.00000000
FLWHNDFMM	=	59.83333333
RQLESRLGY	=	77.00000000
LQRNWSYGF	=	85.71666667
IIGFFLVTY	=	103.74433333
KLYVNGKAY	=	117.00000000
NQLYLTVSF	=	168.00000000
KMKEIAEAY	=	184.00000000
HMLVVIRKY	=	194.76666667
LMKAPGTYH	=	258.00000000
GQVQLKKPY	=	430.00000000
LQIVRFTDY	=	434.00000000
TLIDSSSSF	<	500.00000000
TILDSSSSF	<	500.00000000
GQGGSPTAM	<	500.00000000
KQINPPTVY	=	607.00000000
NVIRDAVTY	<	1000.00000000
ILGPPGSVY	<	1000.00000000
KVQEWYLSY	=	1477.00000000
IQDEIVAAY	=	3404.00000000
LLDFVRFMGV	>	5000.00000000
APPPPPPGH	>	5000.00000000
WLRAMPPRM	=	20000.00000000
LQLARDGMF	=	20000.00000000
FLRSSSAIE	=	20000.00000000
LVGGREWSY	=	20000.00000000
