FMYALSRAF	=	2.73333333
SLASIGTSF	=	3.00000000
YLYYPGRAH	=	6.00000000
YTYGAGSYF	=	8.00000000
VLLEARQAY	=	8.00000000
FQVNRFTGY	=	8.00000000
STFAASGPF	=	9.00000000
MLAAPWVIM	=	9.83333333
YLLAGGCPY	=	10.80000000
MLIASTTGM	=	11.70000000
NIAAPYLPF	=	13.00000000
FQMGGIGPM	=	14.80000000
YQYPRDTHY	=	15.00000000
LMWASSGFF	=	18.00000000
LLRMFDHPF	=	20.96666667
LVRGNSPVF	=	23.00000000
SQMPTSLNF	=	23.93333333
KLAEIFQPF	=	52.83333333
TLAHTHAAY	=	67.70000000
AQRPAKYSY	=	76.00000000
NQQVTNSKY	=	87.00000000
AMRVGSSIM	=	118.76666667
ILKEYPQVY	=	155.76666667
NTFAAWLPM	=	192.96666667
AQNAISTTF	=	364.00000000
DQKVHNVSF	<	500.00000000
SLFVSNHAY	<	1000.00000000
FLFDGSPTY	<	1500.00000000
ILLFPLPSF	=	2060.70000000
RMFEKSTHH	=	16003.77777667
VQIPEKKCF	=	20000.00000000
KQIANELNY	=	20000.00000000
GVFPINESF	>	20000.00000000
WIGQTSHGW	=	20000.00000000
YQAFRTKVH	=	20000.00000000
VQLQEYDTY	=	20000.00000000
LVSECSKDF	=	20000.00000000
