FMYALSRAF	=	2.73333333
FAFVTDNTY	=	2.85000000
WLWVSSSDM	=	3.00000000
SLASIGTSF	=	3.00000000
MMYASWGVH	=	3.00000000
YMYRVWSPL	=	3.00000000
FIKDGSSTY	=	3.96666667
SMFDSWGPF	=	5.00000000
MLREGNQAF	=	5.00000000
YMYAVSGAL	=	5.00000000
MMQGTPYVY	=	5.96666667
YLYYPGRAH	=	6.00000000
YTYGAGSYF	=	8.00000000
VLLEARQAY	=	8.00000000
FQVNRFTGY	=	8.00000000
FIYFGKKQY	=	8.00000000
VMAASGAPF	=	8.00000000
LQYAIRSVF	=	8.00000000
STFAASGPF	=	9.00000000
YLGTPNNTY	=	9.73195370
MLAAPWVIM	=	9.83333333
NLYGWHLPL	=	9.83333333
HLTWSHAGY	=	10.00000000
FVFEATKLY	=	10.00000000
YLLAGGCPY	=	10.80000000
IIYERDFSY	=	11.00000000
LMMNGTSAM	=	11.00000000
MLIASTTGM	=	11.70000000
YLARYSGSM	=	12.76666667
FQYEHEQTF	=	13.00000000
QQYAGWSAL	=	13.00000000
NIAAPYLPF	=	13.00000000
SIRDGVRAY	=	13.93333333
YLHDPLTPY	=	14.00000000
FQMGGIGPM	=	14.80000000
YQYPRDTHY	=	15.00000000
QLQANRRAY	=	15.82184662
HLIQNPNPF	=	17.77766667
LMWASSGFF	=	18.00000000
FMAAFYRVM	=	18.76666667
ILQDRIRMY	=	20.00000000
LLRMFDHPF	=	20.96666667
TQHFGWHAF	=	21.80000000
LVRGNSPVF	=	23.00000000
MQLPQGGAF	=	23.83333333
SQMPTSLNF	=	23.93333333
SLSSPDSAY	=	25.70000000
FQLYSDLAH	=	25.95554128
QLKQRDALF	=	28.60835190
FQHERLGQF	=	29.00000000
WQLGTRWRY	=	29.82202322
SLLATIHDM	=	31.00000000
ALFHKVQSY	=	38.00000000
GQFNRYAAM	=	38.00000000
FVSVYFSDY	=	40.01666667
EMMQWWSDY	=	42.70000000
LLRDKDGVY	=	43.00000000
VLFKTESGF	=	47.00000000
LLTQSNAGF	=	49.00000000
SMRFESSPH	=	49.00000000
HLWNHNQQM	=	49.96666667
WLKHIEKNY	=	51.00000000
KLAEIFQPF	=	52.83333333
QMRAVGQPL	=	53.00000000
ILRDGQRWY	=	55.73333333
QLLDFLLAY	=	55.93333333
YARAGSSSH	=	59.00000000
GLYQGIVGF	=	59.86666667
NMQESSKSF	=	64.76666667
TLAHTHAAY	=	67.70000000
SQLEMCEKY	=	74.78900000
AQRPAKYSY	=	76.00000000
WLVNTYQNY	=	80.73333333
YIRGVCSAF	=	80.90000000
NQQVTNSKY	=	87.00000000
RMMETWHPL	=	99.00000000
VQLDWQGDY	=	100.00000000
QQLESNLVM	=	111.80000000
GQRVYSWVY	=	113.61041786
EQRAGYQAF	=	116.90000000
AMRVGSSIM	=	118.76666667
YLKPPTAPH	=	125.00000000
TQRKKTLGF	=	142.00000000
NQQGITPNY	=	149.00000000
IQKNPDGSW	=	154.00000000
ILKEYPQVY	=	155.76666667
GMGEAAAIF	=	158.00000000
ELNASFIVF	=	181.86666667
NTFAAWLPM	=	192.96666667
GMRVLGTNY	=	228.93333333
YMRERLSDF	=	235.80000000
IQVNKGVAY	=	237.00000000
SQHNYRPGY	=	282.00000000
YQRALHTSI	=	306.00000000
SLSEPWRDF	=	311.00000000
RQAELSKAY	=	339.00000000
AQNAISTTF	=	364.00000000
SALGFTGVY	=	384.93333333
QQLEADYTF	=	389.83333333
WMYYPRSPV	=	390.86666667
FILSGRFSY	=	396.73333333
EVYQVTVY	<	500.00000000
LEKARGSTY	<	500.00000000
DQKVHNVSF	<	500.00000000
ELYPGDSAH	=	615.80000000
NMAPEKVDF	=	688.00000000
ALEPGFKDY	=	813.83333333
TQLPSKPHY	=	863.00000000
SVKPASSSF	<	1000.00000000
QLGPVGGVF	<	1000.00000000
ELWKNPTAF	<	1000.00000000
SQFGGGSQY	<	1000.00000000
SLFVSNHAY	<	1000.00000000
LQLTAVFAY	=	1005.00000000
KLRKKSSFY	=	1068.00000000
GQRDTDVPY	=	1244.00000000
FLFDGSPTY	<	1500.00000000
EQYEQILAF	<	1500.00000000
YLYGQTTTY	<	1500.00000000
YMIDPSGVSY	<	1500.00000000
FPYGTTVTY	<	1500.00000000
FQKDAKVLF	=	1715.77777233
YQYIFLSFF	=	1944.00000000
GLAEKPNDY	=	2004.00000000
ILLFPLPSF	=	2060.70000000
KIMQVDRPM	=	4000.00000000
LLLLISLVY	=	4571.00000000
APPPPPPPP	>	5000.00000000
FLPSDFFPSV	>	5000.00000000
FVPPPPPPP	>	5000.00000000
RMFEKSTHH	=	16003.77777667
RQADILRQF	=	16990.00000000
KLEGKIVQY	=	20000.00000000
SLYDIITVM	=	20000.00000000
IQYPLWWGH	=	20000.00000000
IQTHCEVGY	=	20000.00000000
VQIPEKKCF	=	20000.00000000
VQGYERIMY	=	20000.00000000
KQIANELNY	=	20000.00000000
ILGETAWDF	=	20000.00000000
GVFPINESF	>	20000.00000000
YGGKKAVTY	=	20000.00000000
LLKWKKTDY	=	20000.00000000
WIGQTSHGW	=	20000.00000000
MIYNSFNPY	=	20000.00000000
RTWAYHGSY	=	20000.00000000
AQEDDQYVF	=	20000.00000000
YQAFRTKVH	=	20000.00000000
SLFVRSAGQ	=	20000.00000000
VQLQEYDTY	=	20000.00000000
LVSECSKDF	=	20000.00000000
