MMQGTPYVY	=	5.96666667
HLTWSHAGY	=	10.00000000
IIYERDFSY	=	11.00000000
LMMNGTSAM	=	11.00000000
SIRDGVRAY	=	13.93333333
QLQANRRAY	=	15.82184662
TQHFGWHAF	=	21.80000000
QLKQRDALF	=	28.60835190
GQFNRYAAM	=	38.00000000
EMMQWWSDY	=	42.70000000
LLRDKDGVY	=	43.00000000
VLFKTESGF	=	47.00000000
LLTQSNAGF	=	49.00000000
GLYQGIVGF	=	59.86666667
NMQESSKSF	=	64.76666667
SQLEMCEKY	=	74.78900000
YIRGVCSAF	=	80.90000000
VQLDWQGDY	=	100.00000000
IQKNPDGSW	=	154.00000000
GMRVLGTNY	=	228.93333333
YMRERLSDF	=	235.80000000
IQVNKGVAY	=	237.00000000
SQHNYRPGY	=	282.00000000
YQRALHTSI	=	306.00000000
SLSEPWRDF	=	311.00000000
LEKARGSTY	<	500.00000000
ELYPGDSAH	=	615.80000000
SVKPASSSF	<	1000.00000000
LQLTAVFAY	=	1005.00000000
KLRKKSSFY	=	1068.00000000
GQRDTDVPY	=	1244.00000000
YMIDPSGVSY	<	1500.00000000
YQYIFLSFF	=	1944.00000000
APPPPPPPP	>	5000.00000000
FVPPPPPPP	>	5000.00000000
RQADILRQF	=	16990.00000000
MIYNSFNPY	=	20000.00000000
RTWAYHGSY	=	20000.00000000
