FMYALSRAF	=	2.73333333
SLASIGTSF	=	3.00000000
YLAGAGLAF	=	3.00000000
FIKDGSSTY	=	3.96666667
SMFDSWGPF	=	5.00000000
MLREGNQAF	=	5.00000000
WMACHSAAF	=	5.00000000
FLMYPNNIF	=	5.90000000
MMQGTPYVY	=	5.96666667
YLYYPGRAH	=	6.00000000
YAYEPGSVM	=	7.00000000
YTYGAGSYF	=	8.00000000
VLLEARQAY	=	8.00000000
FQVNRFTGY	=	8.00000000
LQYAIRSVF	=	8.00000000
YSLAGSSPF	=	8.00000000
STFAASGPF	=	9.00000000
YLGTPNNTY	=	9.73195370
MLAAPWVIM	=	9.83333333
NLYGWHLPL	=	9.83333333
HLTWSHAGY	=	10.00000000
FVFEATKLY	=	10.00000000
YLLAGGCPY	=	10.80000000
IIYERDFSY	=	11.00000000
LMMNGTSAM	=	11.00000000
MLIASTTGM	=	11.70000000
YLARYSGSM	=	12.76666667
FAYKTGSSM	=	12.90000000
QQYAGWSAL	=	13.00000000
NIAAPYLPF	=	13.00000000
SIRDGVRAY	=	13.93333333
FQMGGIGPM	=	14.80000000
YQYPRDTHY	=	15.00000000
MQLQLNCAY	=	15.00000000
QLQANRRAY	=	15.82184662
HLIQNPNPF	=	17.77766667
LMWASSGFF	=	18.00000000
FMAAFYRVM	=	18.76666667
LLRMFDHPF	=	20.96666667
TQHFGWHAF	=	21.80000000
SQMPPQKIM	=	22.00000000
LVRGNSPVF	=	23.00000000
SQMPTSLNF	=	23.93333333
WQGPSAAAY	=	25.00000000
SLSSPDSAY	=	25.70000000
SSMNSDAAY	=	26.00000000
QLKQRDALF	=	28.60835190
WQLGTRWRY	=	29.82202322
SLLATIHDM	=	31.00000000
MQQSGDEAF	=	32.00000000
ALFHKVQSY	=	38.00000000
GQFNRYAAM	=	38.00000000
EMMQWWSDY	=	42.70000000
LLRDKDGVY	=	43.00000000
VLFKTESGF	=	47.00000000
LLTQSNAGF	=	49.00000000
HLWNHNQQM	=	49.96666667
WLKHIEKNY	=	51.00000000
KLAEIFQPF	=	52.83333333
ILRDGQRWY	=	55.73333333
QLLDFLLAY	=	55.93333333
FSLTSSSKY	=	58.00000000
YARAGSSSH	=	59.00000000
FLWHNDFMM	=	59.83333333
GLYQGIVGF	=	59.86666667
NMQESSKSF	=	64.76666667
TLAHTHAAY	=	67.70000000
SQLEMCEKY	=	74.78900000
AQRPAKYSY	=	76.00000000
RQLESRLGY	=	77.00000000
WLVNTYQNY	=	80.73333333
YIRGVCSAF	=	80.90000000
LQRNWSYGF	=	85.71666667
NQQVTNSKY	=	87.00000000
VQLDWQGDY	=	100.00000000
IIGFFLVTY	=	103.74433333
KLYVNGKAY	=	117.00000000
AMRVGSSIM	=	118.76666667
TQRKKTLGF	=	142.00000000
NQQGITPNY	=	149.00000000
IQKNPDGSW	=	154.00000000
ILKEYPQVY	=	155.76666667
GMGEAAAIF	=	158.00000000
NQLYLTVSF	=	168.00000000
ELNASFIVF	=	181.86666667
KMKEIAEAY	=	184.00000000
NTFAAWLPM	=	192.96666667
HMLVVIRKY	=	194.76666667
GMRVLGTNY	=	228.93333333
YMRERLSDF	=	235.80000000
IQVNKGVAY	=	237.00000000
LMKAPGTYH	=	258.00000000
SQHNYRPGY	=	282.00000000
YQRALHTSI	=	306.00000000
SLSEPWRDF	=	311.00000000
AQNAISTTF	=	364.00000000
WMYYPRSPV	=	390.86666667
GQVQLKKPY	=	430.00000000
LQIVRFTDY	=	434.00000000
LEKARGSTY	<	500.00000000
TLIDSSSSF	<	500.00000000
DQKVHNVSF	<	500.00000000
TILDSSSSF	<	500.00000000
GQGGSPTAM	<	500.00000000
KQINPPTVY	=	607.00000000
ELYPGDSAH	=	615.80000000
TQLPSKPHY	=	863.00000000
SVKPASSSF	<	1000.00000000
QLGPVGGVF	<	1000.00000000
ELWKNPTAF	<	1000.00000000
NVIRDAVTY	<	1000.00000000
ILGPPGSVY	<	1000.00000000
SQFGGGSQY	<	1000.00000000
SLFVSNHAY	<	1000.00000000
LQLTAVFAY	=	1005.00000000
KLRKKSSFY	=	1068.00000000
GQRDTDVPY	=	1244.00000000
KVQEWYLSY	=	1477.00000000
FLFDGSPTY	<	1500.00000000
YLYGQTTTY	<	1500.00000000
YMIDPSGVSY	<	1500.00000000
FPYGTTVTY	<	1500.00000000
YQYIFLSFF	=	1944.00000000
ILLFPLPSF	=	2060.70000000
IQDEIVAAY	=	3404.00000000
LLDFVRFMGV	>	5000.00000000
APPPPPPGH	>	5000.00000000
APPPPPPPP	>	5000.00000000
FVPPPPPPP	>	5000.00000000
RMFEKSTHH	=	16003.77777667
RQADILRQF	=	16990.00000000
WLRAMPPRM	=	20000.00000000
IQTHCEVGY	=	20000.00000000
VQIPEKKCF	=	20000.00000000
VQGYERIMY	=	20000.00000000
KQIANELNY	=	20000.00000000
ILGETAWDF	=	20000.00000000
GVFPINESF	>	20000.00000000
LLKWKKTDY	=	20000.00000000
WIGQTSHGW	=	20000.00000000
LQLARDGMF	=	20000.00000000
FLRSSSAIE	=	20000.00000000
LVGGREWSY	=	20000.00000000
MIYNSFNPY	=	20000.00000000
RTWAYHGSY	=	20000.00000000
AQEDDQYVF	=	20000.00000000
YQAFRTKVH	=	20000.00000000
SLFVRSAGQ	=	20000.00000000
VQLQEYDTY	=	20000.00000000
LVSECSKDF	=	20000.00000000
