FMYALSRAF	=	2.73333333
FAFVTDNTY	=	2.85000000
WLWVSSSDM	=	3.00000000
SLASIGTSF	=	3.00000000
MMYASWGVH	=	3.00000000
YMYRVWSPL	=	3.00000000
YLAGAGLAF	=	3.00000000
FIKDGSSTY	=	3.96666667
SMFDSWGPF	=	5.00000000
MLREGNQAF	=	5.00000000
YMYAVSGAL	=	5.00000000
WMACHSAAF	=	5.00000000
FLMYPNNIF	=	5.90000000
YLYYPGRAH	=	6.00000000
YAYEPGSVM	=	7.00000000
YTYGAGSYF	=	8.00000000
VLLEARQAY	=	8.00000000
FQVNRFTGY	=	8.00000000
FIYFGKKQY	=	8.00000000
VMAASGAPF	=	8.00000000
LQYAIRSVF	=	8.00000000
YSLAGSSPF	=	8.00000000
STFAASGPF	=	9.00000000
YLGTPNNTY	=	9.73195370
MLAAPWVIM	=	9.83333333
NLYGWHLPL	=	9.83333333
FVFEATKLY	=	10.00000000
YLLAGGCPY	=	10.80000000
MLIASTTGM	=	11.70000000
YLARYSGSM	=	12.76666667
FAYKTGSSM	=	12.90000000
FQYEHEQTF	=	13.00000000
QQYAGWSAL	=	13.00000000
NIAAPYLPF	=	13.00000000
YLHDPLTPY	=	14.00000000
FQMGGIGPM	=	14.80000000
YQYPRDTHY	=	15.00000000
MQLQLNCAY	=	15.00000000
HLIQNPNPF	=	17.77766667
LMWASSGFF	=	18.00000000
FMAAFYRVM	=	18.76666667
ILQDRIRMY	=	20.00000000
LLRMFDHPF	=	20.96666667
SQMPPQKIM	=	22.00000000
LVRGNSPVF	=	23.00000000
MQLPQGGAF	=	23.83333333
SQMPTSLNF	=	23.93333333
WQGPSAAAY	=	25.00000000
SLSSPDSAY	=	25.70000000
FQLYSDLAH	=	25.95554128
SSMNSDAAY	=	26.00000000
FQHERLGQF	=	29.00000000
WQLGTRWRY	=	29.82202322
SLLATIHDM	=	31.00000000
MQQSGDEAF	=	32.00000000
ALFHKVQSY	=	38.00000000
FVSVYFSDY	=	40.01666667
SMRFESSPH	=	49.00000000
HLWNHNQQM	=	49.96666667
WLKHIEKNY	=	51.00000000
KLAEIFQPF	=	52.83333333
QMRAVGQPL	=	53.00000000
ILRDGQRWY	=	55.73333333
QLLDFLLAY	=	55.93333333
FSLTSSSKY	=	58.00000000
YARAGSSSH	=	59.00000000
FLWHNDFMM	=	59.83333333
TLAHTHAAY	=	67.70000000
AQRPAKYSY	=	76.00000000
RQLESRLGY	=	77.00000000
WLVNTYQNY	=	80.73333333
LQRNWSYGF	=	85.71666667
NQQVTNSKY	=	87.00000000
RMMETWHPL	=	99.00000000
IIGFFLVTY	=	103.74433333
QQLESNLVM	=	111.80000000
GQRVYSWVY	=	113.61041786
EQRAGYQAF	=	116.90000000
KLYVNGKAY	=	117.00000000
AMRVGSSIM	=	118.76666667
YLKPPTAPH	=	125.00000000
TQRKKTLGF	=	142.00000000
NQQGITPNY	=	149.00000000
ILKEYPQVY	=	155.76666667
GMGEAAAIF	=	158.00000000
NQLYLTVSF	=	168.00000000
ELNASFIVF	=	181.86666667
KMKEIAEAY	=	184.00000000
NTFAAWLPM	=	192.96666667
HMLVVIRKY	=	194.76666667
LMKAPGTYH	=	258.00000000
RQAELSKAY	=	339.00000000
AQNAISTTF	=	364.00000000
SALGFTGVY	=	384.93333333
QQLEADYTF	=	389.83333333
WMYYPRSPV	=	390.86666667
FILSGRFSY	=	396.73333333
GQVQLKKPY	=	430.00000000
LQIVRFTDY	=	434.00000000
EVYQVTVY	<	500.00000000
TLIDSSSSF	<	500.00000000
DQKVHNVSF	<	500.00000000
TILDSSSSF	<	500.00000000
GQGGSPTAM	<	500.00000000
KQINPPTVY	=	607.00000000
NMAPEKVDF	=	688.00000000
ALEPGFKDY	=	813.83333333
TQLPSKPHY	=	863.00000000
QLGPVGGVF	<	1000.00000000
ELWKNPTAF	<	1000.00000000
NVIRDAVTY	<	1000.00000000
ILGPPGSVY	<	1000.00000000
SQFGGGSQY	<	1000.00000000
SLFVSNHAY	<	1000.00000000
KVQEWYLSY	=	1477.00000000
FLFDGSPTY	<	1500.00000000
EQYEQILAF	<	1500.00000000
YLYGQTTTY	<	1500.00000000
FPYGTTVTY	<	1500.00000000
FQKDAKVLF	=	1715.77777233
GLAEKPNDY	=	2004.00000000
ILLFPLPSF	=	2060.70000000
IQDEIVAAY	=	3404.00000000
KIMQVDRPM	=	4000.00000000
LLLLISLVY	=	4571.00000000
LLDFVRFMGV	>	5000.00000000
APPPPPPGH	>	5000.00000000
FLPSDFFPSV	>	5000.00000000
RMFEKSTHH	=	16003.77777667
KLEGKIVQY	=	20000.00000000
WLRAMPPRM	=	20000.00000000
SLYDIITVM	=	20000.00000000
IQYPLWWGH	=	20000.00000000
IQTHCEVGY	=	20000.00000000
VQIPEKKCF	=	20000.00000000
VQGYERIMY	=	20000.00000000
KQIANELNY	=	20000.00000000
ILGETAWDF	=	20000.00000000
GVFPINESF	>	20000.00000000
YGGKKAVTY	=	20000.00000000
LLKWKKTDY	=	20000.00000000
WIGQTSHGW	=	20000.00000000
LQLARDGMF	=	20000.00000000
FLRSSSAIE	=	20000.00000000
LVGGREWSY	=	20000.00000000
AQEDDQYVF	=	20000.00000000
YQAFRTKVH	=	20000.00000000
SLFVRSAGQ	=	20000.00000000
VQLQEYDTY	=	20000.00000000
LVSECSKDF	=	20000.00000000
