SDYLELDTV	=	6.19594600
SDELELDTI	=	9.32672400
SDIRTEEAI	=	9.88119000
ADYLELDTI	=	10.85473500
GDLCGSVFLV	=	12.26041600
SDYLEKDTI	=	15.99512267
SDYAELDTI	=	16.64773700
SDYLELDKI	=	25.15084200
SDYLELDEI	=	50.50733200
ADTAACGDII	=	53.72432100
SDYLELDII	=	55.33027400
AELIEANLL	=	73.42171200
TESDIRTEEA	=	86.94766700
SDYLELDTA	=	200.80251600
NDCPNSSIV	=	365.37310600
SEYLELDTI	=	400.14340733
FDITKLLLAI	=	505.53425800
SDYLELDTT	=	768.20727667
IDWKVCQRI	=	782.00722300
MEAQFLYLY	=	825.79096867
CEQFVGPLTV	=	847.54535500
FDSTVTESDI	=	906.19985300
CEPEPDVAV	=	1365.63491200
AEEDEREVSV	=	1366.34859000
NESLNTGWLA	=	1407.52367300
AETAGARLV	=	1708.40042800
IEYLVSFGV	=	2717.21572000
TESTLSTALA	=	3142.19856900
CDLDPQARVA	=	3541.53169100
RDKNQVEGEV	=	3787.40930300
SQYLELDTI	=	3841.16345933
LEQALNCEI	=	5158.18734200
ADATPTGWGL	=	5298.21568800
SKYLELDTI	=	6175.86861800
AEDLNLGNL	=	6573.69710800
MENITSGFL	=	6760.39502800
EDLVNLLPA	=	7211.11928100
GEIPFYGKA	=	8287.24570400
AELLAACFA	=	11291.46639950
SSYLELDTI	=	12389.02036633
LEVVTSTWV	=	12832.85804750
NEVTLTHPI	=	15732.64232150
FVGLALLTL	=	15935.79709050
PEFFTELDGV	=	18057.16157950
SRYLELDTI	=	18216.91363367
DEREVSVPA	=	23775.58291850
GEIPFYGKAI	=	25368.13070750
QDVLKEVKA	=	25821.18006800
SDYLELDTG	=	37288.12575867
AEMDGIQYG	=	42683.90049300
KEHVIQNAF	=	43784.36000000
GDVVVVSTDA	=	43794.82710150
MALMKLAAL	=	47851.81988100
QEMGGNITRV	=	58467.53636100
SDYLELDTH	=	63091.16666667
METKLITWGA	>	69930.00000000
EEAIYQCCDL	>	69930.00000000
TERLYVGGPL	>	69930.00000000
IDPYKEFGA	>	78125.00000000
KECFRKLPI	>	78125.00000000
LEDPASRDL	>	78125.00000000
LEEELPRLA	>	78125.00000000
AQGYKVLVL	>	78125.00000000
AASCGGAVF	>	78125.00000000
