FDYLELDTI	=	5.98068400
SDYLELVTI	=	8.32586500
SDYLELFTI	=	8.54088900
KDYLELDTI	=	10.31039933
SDALELDTI	=	13.75198800
SDYLEVDTI	=	14.45335100
SDYLELDTI	=	14.86272667
CDELAAKLV	=	17.99202400
SDVLELDTI	=	43.10471200
EDYLELDTI	=	45.59957700
WDQMWKCLI	=	45.67795000
LDSHYQDVL	=	46.37956400
KETSYTTTI	=	156.96968800
RELHLSWEV	=	192.23804733
SEAFEYYHTL	=	322.91640133
SDKLELDTI	=	446.89818467
EDPASRDLV	=	463.07106500
MEAQFLYLYA	=	511.68761533
IENATFFIF	=	538.15710933
AEIRASANLA	=	638.23345400
RETVIEYLV	=	738.81008600
ADEGLNRRV	=	788.60577200
SDAAARVTA	=	1041.92540500
LDVSAAFYHL	=	1141.68063800
QEDAASLRA	=	1581.77839900
GDLCGSVFL	=	1658.57395600
AEAALENLVI	=	1941.39983900
VDQDLVGWPA	=	2061.64240600
SDAAARVTAI	=	2300.17800500
LEGEPGDPDL	=	2445.08366200
CDECHSTDA	=	2994.20926000
LENLVILNAA	=	3501.36432000
METDFLELAM	=	4387.52595667
LLLAILGPL	=	4978.18016500
SDYLELDTN	=	5192.09719200
IEPLDLPPI	=	5278.90297500
DELAAKLVAL	=	6320.33358500
LDSFDPLVA	=	11488.33492150
VESENKVVI	=	12912.90403200
TEDLVNLLPA	=	13678.84106150
ADARVCSCL	=	14476.79210900
CEKMALYDV	=	17759.16015050
EDPASRDLVV	=	18607.64370900
AEYKLQQGTF	=	20311.68417267
QEYADVFHL	=	28080.41647333
EEKAFSPEV	=	28853.09051950
AEQASQDVKNW	=	32380.92000000
SDFFPSVRDL	=	36965.34885750
SDYLELDTE	=	48513.98301400
QEIQLLAAV	=	49500.06550600
SDYLELDTP	=	54666.90023267
AEQFKQKAL	=	55586.44549850
KEFGATVEL	=	57646.97183950
DEAGPLEEEL	>	69930.00000000
GDIYHSVSHA	>	69930.00000000
FEKHSSSGHA	>	69930.00000000
TDPRRRSRNL	>	69930.00000000
TDCFRKHPEA	>	69930.00000000
LEVIKGGRHL	>	69930.00000000
EENLLDFVRF	>	69930.00000000
HEYPVGSQL	>	78125.00000000
KRLRPGGKK	>	78125.00000000
CECYDAGCA	>	78125.00000000
ALPPRAYAM	>	78125.00000000
YVQMALMKL	>	78125.00000000
