SDYLTLDTI	=	6.39237300
SDYLELDFI	=	7.22147300
SDYLFLDTI	=	9.01937000
SDYLEADTI	=	9.23814900
SDYLVLDTI	=	10.51361500
SDYLELETI	=	12.11368600
TDYLELDTI	=	12.15005800
YDAGCAWYEL	=	12.44732800
SDYKELDTI	=	18.97155333
ADTAACGDI	=	25.93010700
VDVQYLYGV	=	26.16838500
IDTLTCGFA	=	56.06384300
SDYLELDTL	=	70.20064867
HDYCSRNLYV	=	86.99788600
YENAFLPFTL	=	289.14812200
SEFSSLPSYA	=	419.03681533
KEFGATVELL	=	441.21100500
AEWVLAYML	=	616.06883067
FDITKLLLA	=	790.63636300
AETAGARLVV	=	800.82089700
RDRSELSPL	=	915.70668500
AEAALENLV	=	1285.02495100
ADLMGYIPL	=	1293.86111200
RDLLDTASA	=	1488.08828500
VDILAGYGA	=	1529.55006500
ADLMGYIPLV	=	1913.29296600
YDVVSKLPLA	=	2053.33051800
CEKMALYDVV	=	2333.11477500
SNYLELDTI	=	4803.95491933
EEDEREVSV	=	5163.43325400
IEPLDLPPII	=	5480.04852700
TDFAQGWGPI	=	6080.82097400
EEILGTVSW	=	7222.67858933
REVSVPAEIL	=	7510.41926600
KDVRCHARKA	=	7787.95651000
AEHGEHHIRI	=	7816.94317600
NESLNTGWL	=	9298.58879200
LENLVILNA	=	11441.76742800
AEVQIDRLI	=	11821.57215300
PDRVHFASPL	=	13137.94688800
WETARHTPV	=	21366.20445900
SYYLELDTI	=	21620.31228100
SLYLELDTI	=	22409.20313233
STYLELDTI	=	22995.90618600
MEISSSWWF	=	27061.71768800
SHYLELDTI	=	28490.09607833
FELCDNPFF	=	36402.24721233
TEAMTRYSA	=	36866.75090850
CEIYGACYSI	=	45753.12884950
EEVVLKNGEL	=	47714.45333333
SDYLELDTK	=	57787.03913233
SDYLELDTW	=	58333.33333333
FEEAALCTFL	=	69900.00000000
GDPALNMENI	>	69930.00000000
DDVVLGAKSV	>	69930.00000000
AETHVTGGNA	>	69930.00000000
PDAELIEANL	>	69930.00000000
LDPAFRANTA	>	69930.00000000
PDANKVGAGA	>	69930.00000000
SEFSSLPSY	=	78116.66666667
NEKRRLQLI	>	78125.00000000
TILGIGTVL	>	78125.00000000
AEAAGRRLA	>	78125.00000000
EEYVEIRRV	>	78125.00000000
VDPNIRTGV	>	78125.00000000
