SDFLELDTI	=	4.86523400
SDYLEEDTI	=	11.41421500
SDYLELATI	=	16.22833200
SDYLETDTI	=	17.09962700
CDELAAKLVA	=	19.08126700
SDYFELDTI	=	49.42790400
SDYLELKTI	=	69.86047467
TDNSSPPAV	=	69.91392400
YDTRCFDSTV	=	72.81978400
SDGNCTCIPI	=	121.30413700
SDYLKLDTI	=	124.76325867
QDHLEFWEGV	=	181.31008100
REEVSFRVGL	=	228.69076800
RDLAVAVEPV	=	231.18940600
RDIWDWICEV	=	248.22080700
QELYSPLFLI	=	264.32867600
EEAALCTFLL	=	273.82971867
KDTWPDANKV	=	573.24583500
AEVEWKFYDA	=	833.09225600
AEWVLAYMLF	=	913.81656933
AEEYVEIRRV	=	1100.74433200
WEYVVLLFLL	=	1127.52370000
VDFIPVENL	=	1304.67142500
AEWDRVHPV	=	1380.16918600
SIYLELDTI	=	1589.05004133
LDQAETAGA	=	1854.76458000
SEVGICLST	=	2061.42318333
NEGCGWAGWL	=	2297.03551400
PESDAAARV	=	2427.64327000
RDLLDTASAL	=	2577.16689000
SEMVMCGGSL	=	3859.40851067
DELAAKLVA	=	3915.26140000
ADSPSVPSHL	=	5569.20967500
SDFKTWLKA	=	5716.25230900
AENLWVTVY	=	5867.53175300
KCDELAAKL	=	5877.11670900
GELMTLATWV	=	6968.10817900
REVSVPAEI	=	7542.81262500
SPYLELDTI	=	8210.75631267
LEDRDRSEL	=	8914.20104100
IDWKVCQRIV	=	9153.56061800
TDPSHITAEA	=	9302.42620300
GEVPSTEDL	=	10735.17664950
TEVAASCGGV	=	11495.26958100
EDLNLGNLNV	=	12508.23077950
LDPQARVAI	=	18874.51059000
SEAFLIGANY	=	19484.62608600
TDNLKCPCQI	=	34041.97375950
GEINRVAACL	=	34367.30513800
KELSPRWYF	=	46506.74578633
TESTLSTAL	=	52196.73066800
SDYLELDTY	=	55921.86663233
AEAAVKPLL	=	64989.60374133
REFLTRNPAW	=	69900.00000000
GDPPQPEYDL	>	69930.00000000
QDVLKEVKAA	>	69930.00000000
SDLYLVTRHA	>	69930.00000000
CESAGVQEDA	>	69930.00000000
PERLASCRRL	>	69930.00000000
EEQKLPINA	>	78125.00000000
ADGGCSGGA	>	78125.00000000
AETTVRLRA	>	78125.00000000
RRLRPGGKK	>	78125.00000000
VDKNPHNTA	>	78125.00000000
DEGLNRRVA	>	78125.00000000
