HDSPDAELI	=	5.21978600
VDYLELDTI	=	8.75146600
TDATSILGI	=	9.56577200
SDYLELTTI	=	10.12165600
SDYLELDAI	=	12.74759200
SDYLALDTI	=	12.95460700
SDYEELDTI	=	14.38463500
SDYLEFDTI	=	17.58425200
CDLDPQARV	=	23.04746200
SDTLELDTI	=	24.79305300
GEVPSTEDLV	=	31.55025800
SDYCLSLIV	=	69.00616000
GDIINGLPV	=	72.42852900
LEDPASRDLV	=	78.72048400
RDAVILLMCV	=	110.21944300
CEPEPDVAVL	=	148.44258800
YDVVSKLPL	=	281.73740300
ADDPSRGRL	=	635.26305300
LDYQGMLPV	=	945.68250300
LEVVTSTWVL	=	948.52049700
YELTPAETTV	=	1131.55191300
LDLSGWFTA	=	1255.72946500
SVYLELDTI	=	1504.86030067
TEFACVVAEA	=	2157.84309067
VESYSSMPPL	=	2889.80266200
KENDSKEGFF	=	3237.37874333
WEYVVLLFL	=	3422.60195700
REGNASRCWV	=	3498.43039600
SGYLELDTI	=	3740.05027200
VESENKVVIL	=	3982.45033300
IDLLVGSATL	=	4152.06746800
GETALALLL	=	5439.99260333
EDEREVSVPA	=	5870.86824200
KEVKAAASKV	=	7105.93052700
SFYLELDTI	=	8097.98019333
SAYLELDTI	=	9183.98632000
VEAQLHVWV	=	11679.65791750
REIGFIVPGL	=	13028.22946100
RDGKLPTTQL	=	13385.27857000
RDRSELSPLL	=	19307.96979750
EEQKLPINAL	=	21032.83158200
IETTTLPQDA	=	22612.08470150
SDYLELDTF	=	22999.99494000
GEVQIVSTA	=	26231.54419950
TEYDDHINLY	=	37905.78762000
GENFPYLVA	=	38450.16435800
EECSQHLPYI	=	44215.42622050
ADEGLNRRVA	=	44635.83158200
EDLVNLLPAI	=	50314.82365000
DEMEECSQHL	=	51031.03630900
RDPTTPLARA	=	57569.27000000
WEQDLQHGA	=	58495.53805850
SEYDYVIFT	=	67099.32263933
GEILLLEWL	=	68806.82354667
SETLLPLTQY	=	69900.00000000
DDPSRGRLGL	>	69930.00000000
LDGVRLHRFA	>	69930.00000000
DDLVVICESA	>	69930.00000000
AEEQKLPINA	>	69930.00000000
PDVAVLTSML	>	69930.00000000
PEHCSPHHTA	>	69930.00000000
LDLPPIIQRL	>	69930.00000000
EEVSFRVGL	>	78125.00000000
PEKGGRKPA	>	78125.00000000
YAAQGYKVL	>	78125.00000000
