SWIQSIPFVHLGHRD	=	1.76000000
SPKARSERPAIVPPA	=	66.50000000
RIIAGTLEVHAVKPA	=	477.00000000
RCLVKEIPPRLLYAK	=	574.00000000
RVYCDPCRAGFETNV	=	1190.00000000
SSCEVALSYYPTPLA	=	1250.00000000
MASSSSVLLVVALFA	=	1310.00000000
MVVERLGDYLVEQGM	=	1618.08528800
SPLTASKLTYENVKM	=	1690.00000000
NCVLKKSTNGLRIKS	=	2940.00000000
NVWEVKSSKPLVGPF	=	3030.00000000
NRNNTFKPFAEYKSD	=	3910.00000000
RVIRGKKGAGGITIK	=	5652.18541800
TSKLDAAYKLAYKTA	=	6450.00000000
QPCNGVTMNDVKIEY	=	9490.00000000
SVTIKLDGNLLSSND	=	14800.00000000
MADDMERIFKRFDTN	=	17400.00000000
TKGEGGVWTFDSEEP	=	24600.00000000
NDAIKASTGGAYESY	=	25000.00000000
SGIAFGSMAKKGDEQ	=	30800.00000000
MKDFDEPGHLAPTGM	=	36353.95439000
RVPLTSNNGIKQQGI	=	38100.00000000
SERPAIVPPADKYRT	>	46700.00000000
TATAAVGAATGAATA	>	46700.00000000
TDDNEEPIAPYHFDL	>	46700.00000000
NGDGDVVAVDIKEKG	>	46700.00000000
SSPDNVKPLYIITPT	>	46700.00000000
