RVWEQIFSTWLLKPG	=	61.30000000
SDYVYQPFPKTVWEQ	=	411.00000000
RKGVLFNIQYVNYWF	=	444.00000000
MSMASSSSSSLLAMA	=	462.00000000
STGGAYDTYKCIPSL	=	839.00000000
LVLDFCDDALIEGIT	=	959.00000000
NMVVERLGDYLVEQG	=	1189.45365600
TPGQCNMVVERLGDY	=	1845.26420900
MSSKFPELGMNASHC	=	2080.00000000
MGDDHFWAVRGGGGE	=	2750.00000000
STWLLKPGAGIMIFD	=	3320.00000000
RYANPIAFFRKEPLK	=	4660.00000000
NDVSTYASGKVWGQK	=	7370.00000000
TFGAASNKAFAEGLS	=	8440.00000000
NYLALLVKYVNGDGD	=	8690.00000000
SKLKAEATTDGLGWY	=	10500.00000000
SGTNNKTMAVCTNAK	=	11700.00000000
NFRFMSKGGMRNVFD	=	12300.00000000
RWQVVAPQLPDDLMI	=	13400.00000000
SRWSSPDNVKPIYIV	=	19500.00000000
RRHGVRIRVRSGGHD	=	23600.00000000
SVGSLGRYKDEKDVT	=	25100.00000000
RFDTNGDGKISLSEL	>	46700.00000000
SHNVQGATVAVDCRP	>	46700.00000000
SKGDSARVTVKDVTF	>	46700.00000000
QSAVVCGRRHSVRIR	>	46700.00000000
NGSAEVHRGAVPRRG	>	46700.00000000
QRMMAEIDTDGDGFI	>	46700.00000000
