TLTPMMSSKFPELGM	=	11.30000000
SDYVYEPFPKRVWEQ	=	12.60000000
SKLTYENVKMEDVGY	=	249.00000000
QVAFSYFPPPAAKED	=	308.00000000
NYNCKILPNTLVLDF	=	1390.00000000
NSFKPFAEYKSDYVY	=	1420.00000000
RNVFDEVIPTAFKIG	=	1890.00000000
SKGGMRNVFDEVIPT	=	2550.00000000
RNEVVNDVSTYASGK	=	2720.00000000
NFRFLTEKGMKNVFD	=	2760.00000000
MGKATTEEQKLIEDV	=	2850.00000000
SGLVWGQKYFKGNFQ	=	3110.00000000
TPEAKFDSFVASLTE	=	3290.00000000
NLADAVSKAPQLVPK	=	8680.00000000
TEKGMKNVFDDVVPE	=	9100.00000000
NAGFKAALAAAAGVP	=	10900.00000000
TALKKAITAMSEAQK	=	19400.00000000
NVSHIQSAVVCGRRH	=	22900.00000000
MLLRKYGIAAENVID	=	29600.00000000
TEEQKLIEKINAGFK	=	35300.00000000
LVVGIYDEPMTPGQC	=	36096.12168000
SEIEEFRDRARVPLT	=	38200.00000000
STWYGKPTGAGPKDN	>	46700.00000000
SQPATGAATVAAGAA	>	46700.00000000
SVRIRVRSGGHDYEG	>	46700.00000000
SSKVTITDTTIGTGD	>	46700.00000000
SNNGIKQQGIRYANP	>	46700.00000000
LVKYVNGDGDVVAVD	>	46700.00000000
