MAAHKFMVAMFLAVA	=	6.91000000
RTFVATFGAASNKAF	=	102.00000000
QPFPKTVWEQILNTW	=	150.00000000
NASHCNEMSWIQSIP	=	280.00000000
RVIAQGPTATFEAMY	=	728.00000000
SSSSSLLAMAVLAAL	=	1090.00000000
RNVFDEVIPTAFSIG	=	1470.00000000
SKAALTSKLDAAYKL	=	2120.00000000
SVKRSNGSAEVHRGA	=	6280.00000000
MASSSSVLLVVVLFA	=	6350.00000000
TFTVEKGSNEKHLAV	=	6890.00000000
RIDTPEVLKGPFTVR	=	14100.00000000
SGHAFGAMAKKGDEQ	=	15400.00000000
SVLLVVALFAVFLGS	=	19900.00000000
SLSELTDALRTLGST	=	23200.00000000
SADEVQRMMAEIDTD	=	27700.00000000
TPTNASHIQSAVVCG	=	27700.00000000
MANSRAFALVLLFCA	=	33300.00000000
SNKAFAEGLSGEPKG	=	34400.00000000
SHIQSAVVCGRRHGV	>	46700.00000000
TSAVGAPTGATTAAA	>	46700.00000000
RNSRWSSPDNVKPLY	>	46700.00000000
TDDNEEPIAAYHFDL	>	46700.00000000
TLGSTSADEVQRMMA	>	46700.00000000
TPAAPAGAEPAGKAT	>	46700.00000000
NAAYNAADHAAPEDK	>	46700.00000000
NKICTSKGDSARVTV	>	46700.00000000
NSCAKNYNCKILPNT	>	46700.00000000
