MAAHKFMVAMFLAVA	=	6.91000000
TLTPMMSSKFPELGM	=	11.30000000
SDYVYEPFPKRVWEQ	=	12.60000000
TPFPHRKGVLFNIQY	=	39.90000000
RVWEQIFSTWLLKPG	=	61.30000000
RTFVATFGAASNKAF	=	102.00000000
QPFPKTVWEQILNTW	=	150.00000000
MSWQTYVDEHLMCEI	=	164.49316100
SFGIVVAWQVKLLPV	=	223.00000000
SKLTYENVKMEDVGY	=	249.00000000
MAVHQYTVALFLAVA	=	277.00000000
NASHCNEMSWIQSIP	=	280.00000000
QVAFSYFPPPAAKED	=	308.00000000
SDYVYQPFPKTVWEQ	=	411.00000000
RKGVLFNIQYVNYWF	=	444.00000000
MSMASSSSSSLLAMA	=	462.00000000
MYLGTCKTLTPLMSS	=	611.00000000
TPESATPFPHRKGVL	=	681.00000000
RVIAQGPTATFEAMY	=	728.00000000
STGGAYDTYKCIPSL	=	839.00000000
LVLDFCDDALIEGIT	=	959.00000000
SSSSSLLAMAVLAAL	=	1090.00000000
NMVVERLGDYLVEQG	=	1189.45365600
NYLALLVKFVAGDGD	=	1300.00000000
NYNCKILPNTLVLDF	=	1390.00000000
NSFKPFAEYKSDYVY	=	1420.00000000
RNVFDEVIPTAFSIG	=	1470.00000000
TPGQCNMVVERLGDY	=	1845.26420900
RNVFDEVIPTAFKIG	=	1890.00000000
SVAYKAAVGATPEAK	=	2030.00000000
MSSKFPELGMNASHC	=	2080.00000000
SKAALTSKLDAAYKL	=	2120.00000000
SKGGMRNVFDEVIPT	=	2550.00000000
RNEVVNDVSTYASGK	=	2720.00000000
MGDDHFWAVRGGGGE	=	2750.00000000
NFRFLTEKGMKNVFD	=	2760.00000000
STWYGKPTAAGPKDN	=	2820.00000000
MGKATTEEQKLIEDV	=	2850.00000000
SGLVWGQKYFKGNFQ	=	3110.00000000
TPEAKFDSFVASLTE	=	3290.00000000
STWLLKPGAGIMIFD	=	3320.00000000
RYANPIAFFRKEPLK	=	4660.00000000
SADFPQFKPEEITGI	=	5491.51163200
SSKAATAKAPGLVPK	=	5830.00000000
SVKRSNGSAEVHRGA	=	6280.00000000
MASSSSVLLVVVLFA	=	6350.00000000
TKPEACSGEPVVVHI	=	6570.00000000
TFTVEKGSNEKHLAV	=	6890.00000000
TATYGGKWLDAKSTW	=	7320.00000000
NDVSTYASGKVWGQK	=	7370.00000000
NPRQAYANYRDIDLG	=	7810.00000000
TFGAASNKAFAEGLS	=	8440.00000000
SVLLVVVLFAVFLGS	=	8480.00000000
TFHVEKGSNPNYLAL	=	8650.00000000
NLADAVSKAPQLVPK	=	8680.00000000
NYLALLVKYVNGDGD	=	8690.00000000
TEKGMKNVFDDVVPE	=	9100.00000000
TAKAPGLVPKLDAAY	=	9450.00000000
MIRIIAQGPKATFEA	=	9460.00000000
SKLKAEATTDGLGWY	=	10500.00000000
RQHGSEEWEPLTKKG	=	10600.00000000
NAGFKAALAAAAGVP	=	10900.00000000
SGTNNKTMAVCTNAK	=	11700.00000000
NFRFMSKGGMRNVFD	=	12300.00000000
RWQVVAPQLPDDLMI	=	13400.00000000
RIDTPEVLKGPFTVR	=	14100.00000000
SGHAFGAMAKKGDEQ	=	15400.00000000
TALKKAITAMSEAQK	=	19400.00000000
SRWSSPDNVKPIYIV	=	19500.00000000
SVLLVVALFAVFLGS	=	19900.00000000
RNITGTSSTPEAVSL	=	22300.00000000
NVSHIQSAVVCGRRH	=	22900.00000000
SLSELTDALRTLGST	=	23200.00000000
RRHGVRIRVRSGGHD	=	23600.00000000
SVGSLGRYKDEKDVT	=	25100.00000000
SADEVQRMMAEIDTD	=	27700.00000000
TPTNASHIQSAVVCG	=	27700.00000000
MLLRKYGIAAENVID	=	29600.00000000
TLEVHAVKPAAEEVK	=	31300.00000000
QLVPKLDEVYNAAYN	=	31600.00000000
TAAATAPADDKFTVF	=	31900.00000000
TDALRTLGSTSADEV	=	33100.00000000
MANSRAFALVLLFCA	=	33300.00000000
SNKAFAEGLSGEPKG	=	34400.00000000
RIDTPDKLTGPFTVR	=	34600.00000000
TEEQKLIEKINAGFK	=	35300.00000000
LVVGIYDEPMTPGQC	=	36096.12168000
SEIEEFRDRARVPLT	=	38200.00000000
SHIQSAVVCGRRHGV	>	46700.00000000
STWYGKPTGAGPKDN	>	46700.00000000
SEAQKAAKPAAAATA	>	46700.00000000
TSAVGAPTGATTAAA	>	46700.00000000
RFDTNGDGKISLSEL	>	46700.00000000
RNSRWSSPDNVKPLY	>	46700.00000000
SHNVQGATVAVDCRP	>	46700.00000000
TANVPPADKYKTLEA	>	46700.00000000
SQPATGAATVAAGAA	>	46700.00000000
SVRIRVRSGGHDYEG	>	46700.00000000
SKGDSARVTVKDVTF	>	46700.00000000
TDDNEEPIAAYHFDL	>	46700.00000000
SSKVTITDTTIGTGD	>	46700.00000000
QSAVVCGRRHSVRIR	>	46700.00000000
TLGSTSADEVQRMMA	>	46700.00000000
NGSAEVHRGAVPRRG	>	46700.00000000
MKDLDEPGHLAPTGM	>	46700.00000000
TPAAPAGAEPAGKAT	>	46700.00000000
NAAYNAADHAAPEDK	>	46700.00000000
SNNGIKQQGIRYANP	>	46700.00000000
NKICTSKGDSARVTV	>	46700.00000000
NSCAKNYNCKILPNT	>	46700.00000000
QRMMAEIDTDGDGFI	>	46700.00000000
LVKYVNGDGDVVAVD	>	46700.00000000
