TPFPHRKGVLFNIQY	=	39.90000000
MSWQTYVDEHLMCEI	=	164.49316100
SFGIVVAWQVKLLPV	=	223.00000000
MAVHQYTVALFLAVA	=	277.00000000
MYLGTCKTLTPLMSS	=	611.00000000
TPESATPFPHRKGVL	=	681.00000000
NYLALLVKFVAGDGD	=	1300.00000000
SVAYKAAVGATPEAK	=	2030.00000000
STWYGKPTAAGPKDN	=	2820.00000000
SADFPQFKPEEITGI	=	5491.51163200
SSKAATAKAPGLVPK	=	5830.00000000
TKPEACSGEPVVVHI	=	6570.00000000
TATYGGKWLDAKSTW	=	7320.00000000
NPRQAYANYRDIDLG	=	7810.00000000
SVLLVVVLFAVFLGS	=	8480.00000000
TFHVEKGSNPNYLAL	=	8650.00000000
TAKAPGLVPKLDAAY	=	9450.00000000
MIRIIAQGPKATFEA	=	9460.00000000
RQHGSEEWEPLTKKG	=	10600.00000000
RNITGTSSTPEAVSL	=	22300.00000000
TLEVHAVKPAAEEVK	=	31300.00000000
QLVPKLDEVYNAAYN	=	31600.00000000
TAAATAPADDKFTVF	=	31900.00000000
TDALRTLGSTSADEV	=	33100.00000000
RIDTPDKLTGPFTVR	=	34600.00000000
SEAQKAAKPAAAATA	>	46700.00000000
TANVPPADKYKTLEA	>	46700.00000000
MKDLDEPGHLAPTGM	>	46700.00000000
