RYKSRCYIF	=	4.00000000
FFSPFFFSL	=	11.00000000
FRMLAWHVL	=	30.00000000
FYRNISDPL	=	39.50000000
IYLPIVHPF	=	42.50000000
RYPRSVLTF	=	44.50000000
YYGRWVHEF	=	46.50000000
FRMTENVPL	=	48.50000000
SYSTPALTL	=	93.00000000
YSRPWNWTF	=	103.00000000
YYSNKAYQY	=	150.50000000
FQMDYSLEY	=	202.00000000
RRRLRTLVL	=	225.00000000
RYMSKTYNF	=	233.00000000
YYSNKVFPI	=	245.00000000
KRVDWSVEY	=	261.50000000
WMYEGKHVL	=	299.00000000
YARRYFYPL	=	362.50000000
MMMPMFNAF	=	385.50000000
SAAFYHLPL	<	500.00000000
YSHPIILGF	<	500.00000000
SMLSYGNVL	=	614.00000000
KMIGNLLSF	=	666.00000000
RMMETWHPL	=	966.50000000
FQFTLHWEL	=	2053.00000000
LYNTIAVLY	=	2132.50000000
YVYPDNLPV	=	2167.50000000
FPLWWVSSI	=	2298.50000000
MYQYIFLSF	=	2425.00000000
MMAKSNSPF	=	3160.50000000
YVIGSWGTL	>	5000.00000000
MMWFWGPSL	>	5000.00000000
YSLAGSSPF	=	8440.00000000
MPMKGRFPI	=	20000.00000000
LYNTVAVLY	=	20000.00000000
SQIETGTPF	=	20000.00000000
