FRHSVVVPY	=	1.00000000
HYRPYHYYH	=	13.50000000
YVFYDGPPF	=	21.50000000
FYNIPPMPL	=	43.50000000
YRTLGVFRY	=	48.00000000
VRKCLQLIF	=	53.00000000
KYMDNELVY	=	70.00000000
ALPPRAFEL	=	85.50000000
LYPTFYCLF	=	119.50000000
LLYAHINAL	=	216.50000000
YAYEPGSVM	=	218.00000000
MSWGWRLPF	=	248.50000000
YALPSAGAF	=	404.00000000
MQFPGSVGF	=	429.00000000
FQMGGIGPM	=	448.00000000
YRPPNAPIL	<	500.00000000
FSYMDDVVL	<	500.00000000
ITASRFKEL	<	500.00000000
NYGGGNYGSGSY	<	500.00000000
IYPQNVILY	<	500.00000000
FPREGVFVF	=	510.00000000
YYNAFHWAI	=	715.00000000
YTLNNGGAF	=	991.00000000
RARRHLAAL	=	1337.00000000
FYYNAFHW	=	1653.50000000
FYLFTFTIY	=	1996.00000000
YQLEMYHPI	=	3752.00000000
QQYAGWSAL	=	4030.00000000
FIRWRFYLL	=	4081.50000000
YQVKYVSPV	=	4515.50000000
FTQCGYPAL	>	5000.00000000
SLYNILSPF	>	5000.00000000
CLGGLLTMV	>	5000.00000000
YTITSLFSL	=	5838.00000000
LPFQNIHPI	=	20000.00000000
