YYWPRPRRY	=	1.00000000
NYFNRMFHF	=	3.00000000
SYHDRRWCF	=	17.00000000
YGLERLAAM	=	18.50000000
YRFRFRSVY	=	25.00000000
HYNAFQWAI	=	29.00000000
RYRRLIQIL	=	34.00000000
YRYCHQLAL	=	39.00000000
FRRVAHSSL	=	53.00000000
YRHKNYYAL	=	57.50000000
FMYEGDTPL	=	67.00000000
YRATYSMAL	=	80.00000000
YMWLGARYL	=	115.00000000
YIYTRSFQM	=	163.00000000
LYSRSFWFF	=	206.50000000
AYSSWMYSY	=	284.50000000
YYNAFHWA	=	397.00000000
HYFQTRHYL	<	500.00000000
VRIGHLYIL	<	500.00000000
FYHLPLHPA	<	500.00000000
SVFTGLLPF	=	507.50000000
HLIQNPNPF	=	626.00000000
YMLDMTFPV	=	651.50000000
WMYYPRSPV	=	667.00000000
RMMGVKYLM	=	859.00000000
FAYKTGSSM	=	876.50000000
ARKARAAPL	=	1393.50000000
MYPFIFFIV	=	1783.00000000
WMMAMRYPI	=	1839.00000000
RQLLWRYQI	=	2227.00000000
LYNTIATLY	=	2635.50000000
MQLPGGWLL	=	3270.00000000
RAFPHCLAF	>	5000.00000000
FAVPNLQSL	>	5000.00000000
MTEQQWNFA	>	5000.00000000
