RRRPVTRPL	=	1.00000000
FYLPNIVDY	=	22.00000000
GRINYYWTL	=	25.50000000
RRNDGVVQY	=	29.00000000
RRNDVARIF	=	41.50000000
RRRQWASCM	=	45.00000000
TRAPAPFPL	=	45.00000000
YRSMIAFKL	=	45.00000000
MYYPAQLYL	=	46.00000000
YRSDIVGTY	=	58.50000000
RRYTRRISL	=	95.50000000
SYIRYFTVF	=	117.00000000
RRFFPYYVY	=	122.00000000
RRYDKLMSF	=	259.00000000
FLLENAAYL	=	354.50000000
SAEPVPLQL	<	500.00000000
CRVLCCYVL	<	500.00000000
FMPLLPIFF	<	500.00000000
KRQEILDLWVY	<	500.00000000
FRKDVNMVL	<	500.00000000
MMWATAQAL	=	572.00000000
FYYNAFHWA	=	813.00000000
MMLSPLVAL	=	858.00000000
MMHASTSPF	=	1290.50000000
FLIYFRSPL	=	1442.00000000
YVILVGAAF	=	1882.00000000
YFYYNAFHW	=	2059.00000000
FMYSDFHFI	=	4526.50000000
KQYLNLYPV	>	5000.00000000
LSLDVSAAF	>	5000.00000000
IPIPSSWAF	>	5000.00000000
FPAWFAWIF	=	20000.00000000
WQLTSIWPI	=	20000.00000000
MQIRGFVYF	=	20000.00000000
FAFKLSFAI	=	20000.00000000
