NYMPYVFTL	=	1.00000000
FRAPNTREL	=	1.50000000
KYNSHHFTF	=	2.50000000
RRMATTFTF	=	17.00000000
YYKDDISYF	=	29.50000000
YYNAFQWAI	=	30.00000000
HYNAFHWAI	=	47.50000000
SYLIRALTL	=	55.00000000
ARLSSPIVL	=	75.50000000
HRMNKILHY	=	141.50000000
FRRFTQAIY	=	141.50000000
NYKWWWFSF	=	181.00000000
FYYNAFHWAI	=	182.00000000
FIKDYRYTY	=	201.00000000
SMFDSWGPF	=	224.50000000
MLYPRVWPY	=	238.00000000
YSFSRAYTL	=	347.50000000
FRKKRLTIM	=	446.50000000
NKADVILKY	<	500.00000000
VYPEYVIQY	<	500.00000000
IRKPYIWEY	<	500.00000000
FLLDGGAPF	=	527.00000000
MMQVWIQPL	=	535.50000000
FTWYGIAAL	=	564.50000000
YVIRDLAAM	=	590.00000000
KYFDEHYEY	<	1000.00000000
RYWYFAAEL	=	1013.00000000
FMIVNNFPV	=	1013.00000000
RYRPGTVAL	<	1500.00000000
LPFHNVHPL	=	2490.50000000
FAMRLLQAV	=	2892.50000000
MAMGILHTI	=	3310.00000000
YAAVTNFLL	>	5000.00000000
SWLSLLVPF	>	5000.00000000
LYAAVTNFL	>	5000.00000000
AMQWNSTTF	>	5000.00000000
KQLELFWVI	=	20000.00000000
