YYWPRPRRY	=	1.00000000
NYMPYVFTL	=	1.00000000
RRRPVTRPL	=	1.00000000
FRAPNTREL	=	1.50000000
KYNSHHFTF	=	2.50000000
NYFNRMFHF	=	3.00000000
RYKSRCYIF	=	4.00000000
FFSPFFFSL	=	11.00000000
RRMATTFTF	=	17.00000000
SYHDRRWCF	=	17.00000000
YGLERLAAM	=	18.50000000
FYLPNIVDY	=	22.00000000
YRFRFRSVY	=	25.00000000
GRINYYWTL	=	25.50000000
RRNDGVVQY	=	29.00000000
HYNAFQWAI	=	29.00000000
YYKDDISYF	=	29.50000000
YYNAFQWAI	=	30.00000000
FRMLAWHVL	=	30.00000000
RYRRLIQIL	=	34.00000000
YRYCHQLAL	=	39.00000000
FYRNISDPL	=	39.50000000
RRNDVARIF	=	41.50000000
IYLPIVHPF	=	42.50000000
RYPRSVLTF	=	44.50000000
RRRQWASCM	=	45.00000000
TRAPAPFPL	=	45.00000000
YRSMIAFKL	=	45.00000000
MYYPAQLYL	=	46.00000000
YYGRWVHEF	=	46.50000000
HYNAFHWAI	=	47.50000000
FRMTENVPL	=	48.50000000
FRRVAHSSL	=	53.00000000
SYLIRALTL	=	55.00000000
YRHKNYYAL	=	57.50000000
YRSDIVGTY	=	58.50000000
FMYEGDTPL	=	67.00000000
ARLSSPIVL	=	75.50000000
YRATYSMAL	=	80.00000000
SYSTPALTL	=	93.00000000
RRYTRRISL	=	95.50000000
YSRPWNWTF	=	103.00000000
YMWLGARYL	=	115.00000000
SYIRYFTVF	=	117.00000000
RRFFPYYVY	=	122.00000000
HRMNKILHY	=	141.50000000
FRRFTQAIY	=	141.50000000
YYSNKAYQY	=	150.50000000
YIYTRSFQM	=	163.00000000
NYKWWWFSF	=	181.00000000
FYYNAFHWAI	=	182.00000000
FIKDYRYTY	=	201.00000000
FQMDYSLEY	=	202.00000000
LYSRSFWFF	=	206.50000000
SMFDSWGPF	=	224.50000000
RRRLRTLVL	=	225.00000000
RYMSKTYNF	=	233.00000000
MLYPRVWPY	=	238.00000000
YYSNKVFPI	=	245.00000000
RRYDKLMSF	=	259.00000000
KRVDWSVEY	=	261.50000000
AYSSWMYSY	=	284.50000000
WMYEGKHVL	=	299.00000000
YSFSRAYTL	=	347.50000000
FLLENAAYL	=	354.50000000
YARRYFYPL	=	362.50000000
MMMPMFNAF	=	385.50000000
YYNAFHWA	=	397.00000000
FRKKRLTIM	=	446.50000000
SAEPVPLQL	<	500.00000000
HYFQTRHYL	<	500.00000000
SAAFYHLPL	<	500.00000000
YSHPIILGF	<	500.00000000
CRVLCCYVL	<	500.00000000
NKADVILKY	<	500.00000000
VRIGHLYIL	<	500.00000000
FYHLPLHPA	<	500.00000000
FMPLLPIFF	<	500.00000000
KRQEILDLWVY	<	500.00000000
FRKDVNMVL	<	500.00000000
VYPEYVIQY	<	500.00000000
IRKPYIWEY	<	500.00000000
SVFTGLLPF	=	507.50000000
FLLDGGAPF	=	527.00000000
MMQVWIQPL	=	535.50000000
FTWYGIAAL	=	564.50000000
MMWATAQAL	=	572.00000000
YVIRDLAAM	=	590.00000000
SMLSYGNVL	=	614.00000000
HLIQNPNPF	=	626.00000000
YMLDMTFPV	=	651.50000000
KMIGNLLSF	=	666.00000000
WMYYPRSPV	=	667.00000000
FYYNAFHWA	=	813.00000000
MMLSPLVAL	=	858.00000000
RMMGVKYLM	=	859.00000000
FAYKTGSSM	=	876.50000000
RMMETWHPL	=	966.50000000
KYFDEHYEY	<	1000.00000000
RYWYFAAEL	=	1013.00000000
FMIVNNFPV	=	1013.00000000
MMHASTSPF	=	1290.50000000
ARKARAAPL	=	1393.50000000
FLIYFRSPL	=	1442.00000000
RYRPGTVAL	<	1500.00000000
MYPFIFFIV	=	1783.00000000
WMMAMRYPI	=	1839.00000000
YVILVGAAF	=	1882.00000000
FQFTLHWEL	=	2053.00000000
YFYYNAFHW	=	2059.00000000
LYNTIAVLY	=	2132.50000000
YVYPDNLPV	=	2167.50000000
RQLLWRYQI	=	2227.00000000
FPLWWVSSI	=	2298.50000000
MYQYIFLSF	=	2425.00000000
LPFHNVHPL	=	2490.50000000
LYNTIATLY	=	2635.50000000
FAMRLLQAV	=	2892.50000000
MMAKSNSPF	=	3160.50000000
MQLPGGWLL	=	3270.00000000
MAMGILHTI	=	3310.00000000
FMYSDFHFI	=	4526.50000000
KQYLNLYPV	>	5000.00000000
YAAVTNFLL	>	5000.00000000
LSLDVSAAF	>	5000.00000000
RAFPHCLAF	>	5000.00000000
IPIPSSWAF	>	5000.00000000
YVIGSWGTL	>	5000.00000000
FAVPNLQSL	>	5000.00000000
SWLSLLVPF	>	5000.00000000
LYAAVTNFL	>	5000.00000000
AMQWNSTTF	>	5000.00000000
MMWFWGPSL	>	5000.00000000
MTEQQWNFA	>	5000.00000000
YSLAGSSPF	=	8440.00000000
FPAWFAWIF	=	20000.00000000
KQLELFWVI	=	20000.00000000
MPMKGRFPI	=	20000.00000000
WQLTSIWPI	=	20000.00000000
MQIRGFVYF	=	20000.00000000
FAFKLSFAI	=	20000.00000000
LYNTVAVLY	=	20000.00000000
SQIETGTPF	=	20000.00000000
