NYMPYVFTL	=	1.00000000
FRHSVVVPY	=	1.00000000
RRRPVTRPL	=	1.00000000
FRAPNTREL	=	1.50000000
KYNSHHFTF	=	2.50000000
RYKSRCYIF	=	4.00000000
FFSPFFFSL	=	11.00000000
HYRPYHYYH	=	13.50000000
RRMATTFTF	=	17.00000000
YVFYDGPPF	=	21.50000000
FYLPNIVDY	=	22.00000000
GRINYYWTL	=	25.50000000
RRNDGVVQY	=	29.00000000
YYKDDISYF	=	29.50000000
YYNAFQWAI	=	30.00000000
FRMLAWHVL	=	30.00000000
FYRNISDPL	=	39.50000000
RRNDVARIF	=	41.50000000
IYLPIVHPF	=	42.50000000
FYNIPPMPL	=	43.50000000
RYPRSVLTF	=	44.50000000
RRRQWASCM	=	45.00000000
TRAPAPFPL	=	45.00000000
YRSMIAFKL	=	45.00000000
MYYPAQLYL	=	46.00000000
YYGRWVHEF	=	46.50000000
HYNAFHWAI	=	47.50000000
YRTLGVFRY	=	48.00000000
FRMTENVPL	=	48.50000000
VRKCLQLIF	=	53.00000000
SYLIRALTL	=	55.00000000
YRSDIVGTY	=	58.50000000
KYMDNELVY	=	70.00000000
ARLSSPIVL	=	75.50000000
ALPPRAFEL	=	85.50000000
SYSTPALTL	=	93.00000000
RRYTRRISL	=	95.50000000
YSRPWNWTF	=	103.00000000
SYIRYFTVF	=	117.00000000
LYPTFYCLF	=	119.50000000
RRFFPYYVY	=	122.00000000
HRMNKILHY	=	141.50000000
FRRFTQAIY	=	141.50000000
YYSNKAYQY	=	150.50000000
NYKWWWFSF	=	181.00000000
FYYNAFHWAI	=	182.00000000
FIKDYRYTY	=	201.00000000
FQMDYSLEY	=	202.00000000
LLYAHINAL	=	216.50000000
YAYEPGSVM	=	218.00000000
SMFDSWGPF	=	224.50000000
RRRLRTLVL	=	225.00000000
RYMSKTYNF	=	233.00000000
MLYPRVWPY	=	238.00000000
YYSNKVFPI	=	245.00000000
MSWGWRLPF	=	248.50000000
RRYDKLMSF	=	259.00000000
KRVDWSVEY	=	261.50000000
WMYEGKHVL	=	299.00000000
YSFSRAYTL	=	347.50000000
FLLENAAYL	=	354.50000000
YARRYFYPL	=	362.50000000
MMMPMFNAF	=	385.50000000
YALPSAGAF	=	404.00000000
MQFPGSVGF	=	429.00000000
FRKKRLTIM	=	446.50000000
FQMGGIGPM	=	448.00000000
SAEPVPLQL	<	500.00000000
SAAFYHLPL	<	500.00000000
YSHPIILGF	<	500.00000000
YRPPNAPIL	<	500.00000000
CRVLCCYVL	<	500.00000000
FSYMDDVVL	<	500.00000000
NKADVILKY	<	500.00000000
ITASRFKEL	<	500.00000000
FMPLLPIFF	<	500.00000000
KRQEILDLWVY	<	500.00000000
NYGGGNYGSGSY	<	500.00000000
IYPQNVILY	<	500.00000000
FRKDVNMVL	<	500.00000000
VYPEYVIQY	<	500.00000000
IRKPYIWEY	<	500.00000000
FPREGVFVF	=	510.00000000
FLLDGGAPF	=	527.00000000
MMQVWIQPL	=	535.50000000
FTWYGIAAL	=	564.50000000
MMWATAQAL	=	572.00000000
YVIRDLAAM	=	590.00000000
SMLSYGNVL	=	614.00000000
KMIGNLLSF	=	666.00000000
YYNAFHWAI	=	715.00000000
FYYNAFHWA	=	813.00000000
MMLSPLVAL	=	858.00000000
RMMETWHPL	=	966.50000000
YTLNNGGAF	=	991.00000000
KYFDEHYEY	<	1000.00000000
RYWYFAAEL	=	1013.00000000
FMIVNNFPV	=	1013.00000000
MMHASTSPF	=	1290.50000000
RARRHLAAL	=	1337.00000000
FLIYFRSPL	=	1442.00000000
RYRPGTVAL	<	1500.00000000
FYYNAFHW	=	1653.50000000
YVILVGAAF	=	1882.00000000
FYLFTFTIY	=	1996.00000000
FQFTLHWEL	=	2053.00000000
YFYYNAFHW	=	2059.00000000
LYNTIAVLY	=	2132.50000000
YVYPDNLPV	=	2167.50000000
FPLWWVSSI	=	2298.50000000
MYQYIFLSF	=	2425.00000000
LPFHNVHPL	=	2490.50000000
FAMRLLQAV	=	2892.50000000
MMAKSNSPF	=	3160.50000000
MAMGILHTI	=	3310.00000000
YQLEMYHPI	=	3752.00000000
QQYAGWSAL	=	4030.00000000
FIRWRFYLL	=	4081.50000000
YQVKYVSPV	=	4515.50000000
FMYSDFHFI	=	4526.50000000
FTQCGYPAL	>	5000.00000000
KQYLNLYPV	>	5000.00000000
YAAVTNFLL	>	5000.00000000
LSLDVSAAF	>	5000.00000000
IPIPSSWAF	>	5000.00000000
SLYNILSPF	>	5000.00000000
YVIGSWGTL	>	5000.00000000
SWLSLLVPF	>	5000.00000000
LYAAVTNFL	>	5000.00000000
CLGGLLTMV	>	5000.00000000
AMQWNSTTF	>	5000.00000000
MMWFWGPSL	>	5000.00000000
YTITSLFSL	=	5838.00000000
YSLAGSSPF	=	8440.00000000
FPAWFAWIF	=	20000.00000000
KQLELFWVI	=	20000.00000000
MPMKGRFPI	=	20000.00000000
WQLTSIWPI	=	20000.00000000
LPFQNIHPI	=	20000.00000000
MQIRGFVYF	=	20000.00000000
FAFKLSFAI	=	20000.00000000
LYNTVAVLY	=	20000.00000000
SQIETGTPF	=	20000.00000000
