RRHWGGNVL	<	100.00000000
RRLRNHMAV	<	100.00000000
QRKKAYADF	<	100.00000000
RRRWRRLTV	=	200.00000000
GQLTKHTKF	<	500.00000000
RRKWRRWHL	<	500.00000000
GRLTKHTKR	<	500.00000000
GALTKHTKF	<	500.00000000
RQYQKSTEL	<	500.00000000
RRFVNVVPTR	<	500.00000000
RAWLPAGDA	<	500.00000000
RAYQKSTEL	<	500.00000000
RQFVNVVPTF	<	500.00000000
KRYKSIVKL	<	500.00000000
IRHNKDRKV	<	500.00000000
KRGILTLKL	<	500.00000000
KQYKSIVKY	<	500.00000000
RRFVNVVPTA	<	500.00000000
RAFVNVVPTF	<	500.00000000
ARVGGVKRI	=	700.00000000
RRRESEKSL	=	900.00000000
GRVYGLIGL	=	1000.00000000
KRAVGIGAL	=	1000.00000000
RRFVNVVPTF	=	1000.00000000
GRRYGLIGL	=	1000.00000000
KRYKGLLPKDI	=	1000.00000000
ARRGGVKRI	=	1000.00000000
SRSALLAQM	=	1000.00000000
KRKKAYADF	=	1000.00000000
KRYKSIVKY	=	2000.00000000
RRYPDAVYL	=	2000.00000000
RRANNVLKNEM	=	2000.00000000
RRVESEKSL	=	2000.00000000
RRAAAAAAAI	=	2000.00000000
GRFYGLIGL	=	3000.00000000
RRFESEKSL	=	3000.00000000
HRQDINGKEM	=	3000.00000000
RRYQKSTEL	=	3000.00000000
GRLTKHTKF	=	4000.00000000
ARFGGVKRI	=	4000.00000000
KAGILTLKY	>	5000.00000000
KQGILTLKY	>	5000.00000000
KRGILTLKA	>	5000.00000000
FQYNGLIHR	>	5000.00000000
VAFTSHEHF	>	5000.00000000
KAYKSIVKY	>	5000.00000000
RQWLPAGDA	>	5000.00000000
GQIDKPILK	>	5000.00000000
RRFFPYYVY	=	6000.00000000
RRKSSGGKGGSY	=	12000.00000000
SRQKSGGGSGGF	=	15000.00000000
SRYWAIRTR	=	19000.00000000
RRFTRPEH	=	20000.00000000
FRYNGLIHR	=	20000.00000000
RRSKEITVR	=	30000.00000000
KRFEGLTQR	=	40000.00000000
KRGILTLKY	=	40000.00000000
HRFIYLINH	=	45000.00000000
ARLFGIRAK	=	50000.00000000
GRIDKPILK	=	70000.00000000
IQRTPKIQVY	=	90000.00000000
RRIKEIVKK	=	100000.00000000
QYDDAVYKL	=	100000.00000000
RRVKEVVKK	=	100000.00000000
KTGGPIYKR	=	100000.00000000
KRLPADVLKK	=	200000.00000000
