GRIDKPILA	<	500.00000000
KRYKSIVKA	<	500.00000000
KRGILTLKR	<	500.00000000
KRYKSIVKR	<	500.00000000
RRAIATPGM	=	2000.00000000
VRNKDLNTL	=	3000.00000000
GAIDKPILK	>	5000.00000000
RRFFPYYV	=	7000.00000000
RRWLPAGDA	=	30000.00000000
SRQKSGGSGGGF	=	35000.00000000
RRISGVDRY	=	40000.00000000
RRFKEGGRGGKY	=	40000.00000000
LRRYLENGK	=	100000.00000000
GQYGNPLNK	=	113000.00000000
GRNEVFSNK	=	200000.00000000
LRNEESEKMAK	=	200000.00000000
