RRKWRRWHL	<	500.00000000
GRLTKHTKR	<	500.00000000
RAWLPAGDA	<	500.00000000
KRYKSIVKL	<	500.00000000
IRHNKDRKV	<	500.00000000
RRRESEKSL	=	900.00000000
GRRYGLIGL	=	1000.00000000
RRYPDAVYL	=	2000.00000000
RRANNVLKNEM	=	2000.00000000
RRVESEKSL	=	2000.00000000
HRQDINGKEM	=	3000.00000000
ARFGGVKRI	=	4000.00000000
RQWLPAGDA	>	5000.00000000
RRFFPYYVY	=	6000.00000000
RRKSSGGKGGSY	=	12000.00000000
QYDDAVYKL	=	100000.00000000
RRVKEVVKK	=	100000.00000000
