RRHWGGNVL	<	100.00000000
RRLRNHMAV	<	100.00000000
GALTKHTKF	<	500.00000000
RRFVNVVPTR	<	500.00000000
RAYQKSTEL	<	500.00000000
RRFVNVVPTF	=	1000.00000000
KRYKGLLPKDI	=	1000.00000000
ARRGGVKRI	=	1000.00000000
KRYKSIVKY	=	2000.00000000
RRFESEKSL	=	3000.00000000
RRYQKSTEL	=	3000.00000000
RRFTRPEH	=	20000.00000000
KRFEGLTQR	=	40000.00000000
KRGILTLKY	=	40000.00000000
ARLFGIRAK	=	50000.00000000
KTGGPIYKR	=	100000.00000000
KRLPADVLKK	=	200000.00000000
