WLKERLPGF	=	0.70000000
DIVKGLSGY	=	1.00000000
EIIFYHPTF	=	1.00000000
EIKDRILSY	=	1.00000000
SVIDHIHYM	=	1.00000000
VTIPQIGGM	=	1.00000000
YVIRDLAAM	=	1.00000000
EVVDMLSTY	=	1.00000000
EVVPGDYPM	=	1.00000000
FPASHMATY	=	1.00000000
EVADRILFM	=	1.00000000
ETIEILRNY	=	1.00000000
FVAAFDHFY	=	1.00000000
ITTEQYAWF	=	2.00000000
STPAILHIM	=	3.00000000
HTAAPWGSY	=	3.95000000
ETWVETWAF	=	4.00000000
YNIDRLNAL	=	4.65000000
HTTKGAALM	=	5.00000000
EIYRTLYGL	=	6.00000000
YVFYDGPPF	=	11.00000000
TVAHQVCPY	=	11.00000000
ETYKELKAH	=	11.90000000
TTVDHMAII	=	12.00000000
DLVKMMISY	=	19.00000000
FVHSGFIYF	=	22.95000000
MVSIQWHAM	=	29.00000000
DTACLAKSY	=	34.00000000
NELGYSGYF	=	52.60000000
DTVNWMPFE	=	86.00000000
QVQMLINTY	=	118.00000000
EVKSLFNTV	=	198.95000000
EIFEQPKAL	=	296.00000000
LVLAVGPAY	=	544.00000000
KICEYIRSY	=	729.00000000
YLHDPLTPY	=	877.65000000
KSLFNTIAVLY	=	1106.70000000
IYTVIYYIF	=	1125.80000000
IFRRDQIWF	=	1316.75000000
KSLYNTIAVLY	=	1391.90000000
EYKKSLYKF	=	1591.70000000
SVFPFDGTR	=	1989.00000000
NMAPEKVDF	=	1997.95000000
KSLFNTVAVLY	=	2021.90000000
RSLFNTIATLY	=	2151.75000000
REVFYFGKF	=	2349.75000000
AVTAALHRK	=	2526.00000000
DTLKVGNTY	=	2606.00000000
WQFGPSTYY	=	3371.00000000
SLSEPWRDF	=	4619.80000000
LYNTVATLY	=	19999.92337000
EIRHRSGIQ	>	20000.00000000
ELRSLYNTV	=	20000.00000000
EMRFAYICT	=	20000.00000000
CYMHVSDFY	=	20000.00000000
LTFLHTLYK	>	20000.00000000
EEDEGEELF	=	20000.00000000
GYAWIDFDI	=	20000.00000000
GYLEGTRTL	=	20000.00000000
IATLYCVHQR	>	20000.00000000
IATLYCVHQK	=	20000.00000000
ALFDRPAFK	=	20000.00000000
ARYSNFAWY	>	20000.00000000
LLKWKKTDY	>	20000.00000000
ATIEAVLAK	=	20000.00000000
ATYTGVFDK	>	20000.00000000
AEALLADGL	=	20000.00000000
QRNGRIDRY	>	20000.00000000
KLMALELFK	=	20000.00000000
IYLPIVHPF	=	20000.00000000
KEKDMTKEF	>	20000.00000000
KLYVNGKAY	>	20000.00000000
KQINPPTVY	>	20000.00000000
KRFYQTVGF	=	20000.00000000
KRIRLKHIF	=	20000.00000000
KRSTPFYTK	>	20000.00000000
KSLYNTVAVLY	>	20000.00000000
KELNIGRTF	>	20000.00000000
QENEIYTYF	=	20000.00000000
QGKQHLHSL	=	20000.00000000
QINELHHSK	>	20000.00000000
QQLYTSPSF	=	20000.00000000
KYYLAYTSY	=	20000.00000000
PHPVVVRTL	=	20000.00000000
KIMDYGKYK	=	20000.00000000
KLKSLYNTV	>	20000.00000000
KLLNRVIGY	=	20000.00000000
MFINDVHAL	=	20000.00000000
NQLYLTVSF	=	20000.00000000
NRYGVAYVY	>	20000.00000000
NVHRSQFAQ	>	20000.00000000
YQAFRTKVH	=	20000.00000000
SLYPPCLFK	=	20000.00000000
YHSQGSWYK	=	20000.00000000
REWGWRIPF	>	20000.00000000
RRYQIAQYK	>	20000.00000000
YHLGGIEGL	>	20000.00000000
RRYDKLMSF	=	20000.00000000
RKWGLDFCY	=	20000.00000000
REFEAQNVP	=	20000.00000000
WRQEIGHPK	>	20000.00000000
RRGKANKPR	=	20000.00000000
WLKHIEKNY	>	20000.00000000
VEIPNRIVF	>	20000.00000000
TVLEFILQK	=	20000.00000000
GLIVLPFYK	>	20000.00000000
GQFDSMLAK	>	20000.00000000
GQRVYSWVY	=	20000.00000000
GRRPLKNRK	>	20000.00000000
GRTFGKLPY	=	20000.00000000
KYQSPVNIF	=	20000.00000000
RVYLQGHGY	=	20000.00000000
SEVKFKYVL	>	20000.00000000
GFPSLESSF	=	20000.00000000
IHLDKGGQF	=	20000.00000000
RYSNFAWYF	>	20000.00000000
SGIDTNAYY	=	20000.00000000
TTAEFTVPK	=	20000.00000000
TSKLNHHFP	=	20000.00000000
TRTSPNIPK	>	20000.00000000
TMLYNKMEF	=	20000.00000000
TKDETREQL	=	20000.00000000
TKDAERGKL	=	20000.00000000
TIHLATAPK	>	20000.00000000
RVLGRVLPY	=	20000.00000000
RSYMSFWCK	>	20000.00000000
RTTLWCDVR	>	20000.00000000
YYLEKANKI	>	20000.00000000
