LVAPHMAMM	=	1.00000000
IIYYQLAGY	=	1.00000000
AIIDYIAYM	=	1.00000000
EVNAHIHTM	=	1.00000000
QVIEYLKPY	=	1.00000000
EAMDTISVF	=	1.00000000
EVAEKDAMY	=	1.00000000
EPADHLAIM	=	1.00000000
DTITNVTTM	=	1.00000000
ETKKTMLAL	=	1.00000000
SVKEDLVAY	=	2.00000000
MTRGLLGSY	=	2.00000000
LTITYSSSM	=	2.00000000
YIVGYFALM	=	3.00000000
TTADHMHML	=	3.00000000
DIIWHLNDL	=	3.00000000
LTVKHMANV	=	6.00000000
ETQTGMHAH	=	6.00000000
CVLEAMAFL	=	14.00000000
FTTNIWMKF	=	27.00000000
EIINNGISY	=	28.00000000
FTHREQLFM	=	28.00000000
LIPLWMAGL	=	40.00000000
SSHNHIPGY	=	42.00000000
ETLETLLLL	=	55.00000000
FCVKVLAPY	=	60.00000000
VTRGAVLMY	=	103.00000000
EPILEYVVY	=	110.00000000
FQVNRFTGY	=	112.80000000
DTGCRIDGY	=	135.00000000
QTPLSSPFY	=	165.00000000
VYSFDESSF	=	191.90000000
LSPGMMMGM	=	319.00000000
FLKNRFEAL	=	326.95000000
RVYNNTARY	=	528.60000000
REVLNVRYM	=	621.00000000
GQFNRYAAM	=	637.60000000
ARHGEYAPF	=	738.55000000
AQNAISTTF	=	1207.00000000
KVQEWYLSY	=	1208.85000000
FPYTGDPPY	=	1645.00000000
IMYDSGAKY	=	2031.90000000
RENGGYWLL	=	2337.00000000
IYCGFKFAW	=	2447.00000000
GRVIPRMLY	=	2838.70000000
RSLFNTVAVLY	=	3071.95000000
DWSGYSGSF	=	3447.00000000
YMYAVSGAL	=	4583.00000000
EIKDTEEAL	=	20000.00000000
EKLKSLFNTV	>	20000.00000000
ETALAIIRR	=	20000.00000000
EVEHRTRVR	=	20000.00000000
FEIGNGDAG	>	20000.00000000
DIKDTKEAL	=	20000.00000000
EEIRRIWRQ	=	20000.00000000
LNTVATLY	>	20000.00000000
LTFLDCLYY	=	20000.00000000
ATFEVFLAK	>	20000.00000000
FLCPTFTLK	=	20000.00000000
IDVKDTKEAL	>	20000.00000000
IEAGDEVFF	=	20000.00000000
IEVKDTKEAL	>	20000.00000000
FHGIFYSIF	>	20000.00000000
ARIDARIDF	=	20000.00000000
ATFEAVLAK	=	20000.00000000
AVNAATYNR	>	20000.00000000
LFFPFGLFK	>	20000.00000000
IQKNPDGSW	>	20000.00000000
IQVNKGVAY	=	20000.00000000
KVMVICYAY	=	20000.00000000
IQYPLWWGH	>	20000.00000000
IRYLGVLLY	>	20000.00000000
KNYPASLHK	=	20000.00000000
KRFLNGAKY	=	20000.00000000
KRINSLIKY	=	20000.00000000
KRMGVQMQR	=	20000.00000000
KRMMIRYCL	=	20000.00000000
KRMMVRHCL	=	20000.00000000
KSLFNTIATLY	=	20000.00000000
KSRCASPST	=	20000.00000000
KELENEYYF	>	20000.00000000
QMRAVGQPL	=	20000.00000000
PSKKHWLGK	>	20000.00000000
KYMDNELVY	=	20000.00000000
LATLKDMWK	>	20000.00000000
LEKWNLGII	>	20000.00000000
PRFGSCYFL	=	20000.00000000
PLYRLSPKK	=	20000.00000000
KLEYLAPSY	=	20000.00000000
KYFDDVTAF	=	20000.00000000
ILQEMSETY	>	20000.00000000
MQLPGGWLL	>	20000.00000000
NYFNRMFHF	=	20000.00000000
NYPASLHKF	=	20000.00000000
RIGGVLIFR	>	20000.00000000
RIKTRLFTI	>	20000.00000000
YMREVGAAL	=	20000.00000000
YRFRKSSKK	>	20000.00000000
QWSPGPGRL	=	20000.00000000
RHDITGFIL	>	20000.00000000
RFRCVGPAP	=	20000.00000000
SLFTEQAFY	=	20000.00000000
SRSKPAAMY	=	20000.00000000
QVIFKCVPK	=	20000.00000000
SRLGIVVLR	>	20000.00000000
RANNNRLPK	>	20000.00000000
RRYTRRISL	=	20000.00000000
YELDLWGKI	=	20000.00000000
YERGNIIIF	>	20000.00000000
YHRFGLYRL	=	20000.00000000
RQAELSKAY	=	20000.00000000
YFENSDLNL	>	20000.00000000
RRWIAPHPL	>	20000.00000000
GLYRLNFRR	=	20000.00000000
GLAEKPNDY	=	20000.00000000
GVFPINESF	=	20000.00000000
FRHSVVVPY	=	20000.00000000
FYPINDDFY	=	20000.00000000
GEIFGLLGP	>	20000.00000000
WEITYLGTT	>	20000.00000000
TTRHRKPTY	>	20000.00000000
SSDDIPPRW	=	20000.00000000
SYRNFSFSL	>	20000.00000000
SRWAISHWL	>	20000.00000000
VLYCVHQRV	>	20000.00000000
RVQFIPGQR	>	20000.00000000
RTFGKLPYR	=	20000.00000000
VRVCACPGR	=	20000.00000000
VLYCVHQHI	>	20000.00000000
