DIVGGLFTY	=	1.00000000
ELIKAMNHF	=	1.00000000
ELIKELPGY	=	1.00000000
EVATRFNTM	=	1.00000000
ELIRRVRRY	=	1.00000000
TVIRFWHAM	=	1.00000000
FVNRYGVAY	=	1.00000000
YTVRGTGKY	=	1.00000000
ELRRRLPLF	=	1.00000000
EVADRVIFM	=	1.00000000
EVREFLGSY	=	1.00000000
DVSEWDAVY	=	1.00000000
DTRGIFSAY	=	1.00000000
ETVEWALKF	=	1.00000000
SVKKDLISY	=	2.00000000
TTAKAMEQM	=	2.00000000
EVHYSGINY	=	2.00000000
AQIGVIGVF	=	5.00000000
SLICGAALY	=	17.75000000
YVYFYDLSY	=	17.85000000
YTITSLFSL	=	19.00000000
YAYEPGSVM	=	21.90000000
ETPQGLAKI	=	28.00000000
YYKDDISYF	=	34.85000000
EFFGWAEGY	=	84.00000000
SIIQEKLGY	=	85.00000000
NIVFSPFGY	=	154.00000000
ETIDTIIDQ	=	222.00000000
IMNEGWASF	=	254.65000000
EMIWDPNGW	=	334.00000000
ILRPLGIEY	=	403.60000000
ATSGYRIAY	=	418.00000000
EFKQILTDF	=	456.90000000
FTWPWMKLF	=	469.00000000
ETVRHTMQE	=	501.00000000
AEMRAYHGF	=	619.00000000
KSLYNTIATLY	=	1061.90000000
EELKSLFNTV	=	1076.55000000
EFTSFFYRY	=	1104.00000000
YRFRFRSVY	=	1692.75000000
VTFFCVMTY	=	1777.00000000
KYTHFFSGF	=	2335.00000000
RSLYNTVAVLY	=	2362.80000000
KRFNITVSK	=	2640.60000000
QTDPLWQKY	=	2788.00000000
RYTRRISLF	=	2823.90000000
LYNTVAVLY	=	19999.92337000
EGNLAQGFR	>	20000.00000000
EELRSLYNTI	>	20000.00000000
LVGGREWSY	=	20000.00000000
LLLLISLVY	=	20000.00000000
LVRGNSPVF	=	20000.00000000
LYNTIAVLY	=	20000.00000000
QVGIFLICK	=	20000.00000000
EEDAAVDDL	>	20000.00000000
AEHFENQVL	=	20000.00000000
HEVHAVWPG	>	20000.00000000
HFKKRFSTL	=	20000.00000000
IEFIEVVRL	>	20000.00000000
AEILSGRVI	>	20000.00000000
ANRLTTLQR	>	20000.00000000
ASFKAGKLR	=	20000.00000000
AVYSTFLHR	=	20000.00000000
IQDEIVAAY	>	20000.00000000
IQFMHEQGY	=	20000.00000000
IQRRGAQFQ	>	20000.00000000
IVHVDHECF	=	20000.00000000
IYTDEVYDY	=	20000.00000000
IYTTNDNNY	>	20000.00000000
IRHVYHNLK	=	20000.00000000
KSYCQPLPE	=	20000.00000000
KSRENSTLI	>	20000.00000000
KQWGWFALL	=	20000.00000000
KSLFNTVATLY	=	20000.00000000
KSNRIPFLY	=	20000.00000000
KIGEVIGPK	>	20000.00000000
MKWMMAMKY	>	20000.00000000
MEFWLVAAL	=	20000.00000000
NHHPRARSM	=	20000.00000000
KGHLPLLDK	=	20000.00000000
IFMLQKCDL	>	20000.00000000
RIYKTIKQY	=	20000.00000000
YRVRNVQTL	=	20000.00000000
RDITAFEGL	=	20000.00000000
YWMGGTTYF	=	20000.00000000
YVILVGAAF	>	20000.00000000
YSLAGSSPF	=	20000.00000000
QYSGFVRTL	>	20000.00000000
YMGLVKKAK	=	20000.00000000
RGRGVAIHR	>	20000.00000000
SHEQGDIAL	>	20000.00000000
VELQIGWTV	>	20000.00000000
SRARIKTRL	>	20000.00000000
SRQRQAIPY	>	20000.00000000
SWKQSKMWR	=	20000.00000000
REVFDYLLP	=	20000.00000000
YECTSRHFT	>	20000.00000000
YEVPAALIL	>	20000.00000000
RQADILRQF	=	20000.00000000
RQHGFTPSK	=	20000.00000000
RRSLLAHVR	=	20000.00000000
REIGDISYL	>	20000.00000000
RELYYRLKF	>	20000.00000000
YRYGFVANF	>	20000.00000000
RENQVAVVR	=	20000.00000000
REQASYLYV	=	20000.00000000
YKEPNSIIL	=	20000.00000000
YHRPLTGYM	=	20000.00000000
WRWKSQVTI	=	20000.00000000
WHQARFEEL	>	20000.00000000
QVFKGVVIR	=	20000.00000000
AADFPGIAR	=	20000.00000000
VLDMGDPVK	>	20000.00000000
VHDTNATKL	>	20000.00000000
RVYLNGIGK	>	20000.00000000
GEYRSGNNL	=	20000.00000000
GELRKAICL	>	20000.00000000
GRWMLPQGM	=	20000.00000000
FYLPNIVDY	=	20000.00000000
RYRRLIQIL	=	20000.00000000
VEMGIKNGP	>	20000.00000000
TTIFFRADK	>	20000.00000000
TLYCVHQEI	=	20000.00000000
TESDAIRTL	>	20000.00000000
VVFEDGLPR	=	20000.00000000
RSLYNTVATLY	=	20000.00000000
VQKVNPAPK	>	20000.00000000
RTEILGLVK	>	20000.00000000
RTMPLSRFT	>	20000.00000000
