AVHGYYIGY	=	0.65000000
MVFQNYALY	=	0.65000000
WMACHSAAF	=	0.70000000
SQIETGTPF	=	0.90000000
HTKKEMRSF	=	1.00000000
YSKPWMAFF	=	1.00000000
YTIDLNDAF	=	1.00000000
MLVGHMPFM	=	1.00000000
ETIEDYLGY	=	1.00000000
ETIGLVRAL	=	1.00000000
EVFEIIRSY	=	1.00000000
FFLFPMAAY	=	2.00000000
DSPATLSAY	=	3.00000000
YLAPSYRNF	=	4.60000000
DMRKRIEAF	=	7.65000000
EYTDYMPSM	=	26.00000000
ITSGHSWAY	=	34.00000000
DTWHGFKNM	=	34.00000000
MMHASTSPF	=	57.95000000
FVFEATKLY	=	66.90000000
FCIKVLCPY	=	96.00000000
LMWASSGFF	=	96.70000000
ATADLELAY	=	129.90000000
LVALTLTSY	=	180.00000000
DTLKVCIGY	=	201.00000000
FQYEHEQTF	=	212.65000000
ATRAVMMGL	=	224.00000000
DIEPTLAYL	=	267.00000000
LTKEEFTRY	=	280.00000000
YRTAVCGLY	=	280.60000000
EIFWDKKAY	=	364.00000000
NQECWDSVF	=	384.00000000
SSNPVMSRF	=	411.65000000
NLPSKPVWL	=	565.70000000
DVADLFPAQ	=	649.00000000
HEGDIVPLF	=	818.00000000
WQFAIHYSF	=	833.65000000
RLASYGLYY	=	888.95000000
RSLYNTIATLY	=	921.60000000
MQYLNPPPY	=	1059.00000000
RRCPHHERC	=	1426.55000000
EVDQTKIQY	=	1614.00000000
KVFDKSLLY	=	1993.80000000
NIMEFCKAY	=	2143.90000000
YVYPDNLPR	=	2608.60000000
FYHISTGGY	=	2843.00000000
SYINRTGTF	=	3667.75000000
KVFFVNWFR	=	3960.55000000
AQRWANQIR	=	3960.65000000
ISEDMHTDK	=	4394.95000000
EFKRRLKDL	=	20000.00000000
EIKSLFNTI	=	20000.00000000
EKPKFLPDL	=	20000.00000000
ELFYILIAK	>	20000.00000000
LQIRGRERF	=	20000.00000000
LYDYKENRF	=	20000.00000000
INTLESMMK	>	20000.00000000
ILGVFRRPF	=	20000.00000000
DFGYATMAK	=	20000.00000000
IKWLWKANK	>	20000.00000000
GTFKSVAVK	>	20000.00000000
GWPDNYCEW	>	20000.00000000
HRYLIRQSM	=	20000.00000000
HYDAPVFPI	>	20000.00000000
IARLVYKAR	>	20000.00000000
IAVLYCVHQR	=	20000.00000000
IEVKFHPIL	>	20000.00000000
CEKRLLLKL	=	20000.00000000
AKYEICLEK	>	20000.00000000
AYQPTRWFI	=	20000.00000000
LFNTIATLY	=	20000.00000000
KLYPNVDFY	=	20000.00000000
KECVDGTLL	=	20000.00000000
KVMDFGIAR	=	20000.00000000
KRLLLKLDF	=	20000.00000000
KRWAFRTGV	>	20000.00000000
QHSFMANRM	=	20000.00000000
IFLKPEETF	>	20000.00000000
MEFEPFQSL	>	20000.00000000
KYYTSYTLK	=	20000.00000000
LEHGLYPQL	=	20000.00000000
LEYGANYFL	>	20000.00000000
KLDFIRNTK	>	20000.00000000
NFWLNTLLF	=	20000.00000000
NQQGITPNY	=	20000.00000000
NRWKSWFSY	=	20000.00000000
YQRALHTSI	>	20000.00000000
YQNEVTPEY	=	20000.00000000
RIRKDFGKR	>	20000.00000000
KLVGIELPK	=	20000.00000000
YMKPGSSPL	=	20000.00000000
YRNFSFSLK	=	20000.00000000
SHYSHNPKL	=	20000.00000000
VEIFKHLVF	>	20000.00000000
VYFVLTDRF	=	20000.00000000
WENGFKVVL	>	20000.00000000
RMIESRMSK	>	20000.00000000
RMMETWHPL	=	20000.00000000
RRATAILRK	>	20000.00000000
RRNRKALWL	>	20000.00000000
REMGIVDLL	=	20000.00000000
WESGAVLCV	=	20000.00000000
RKLGWWLKL	>	20000.00000000
YADHGANQL	=	20000.00000000
WLSVIAFGK	>	20000.00000000
RRMATTFTF	=	20000.00000000
GQVQLKKPY	=	20000.00000000
VFSPFGYSF	=	20000.00000000
VFMDNAFKK	=	20000.00000000
RVYVAQKRK	=	20000.00000000
RWRVYLRRK	>	20000.00000000
GRYIVYSSY	=	20000.00000000
FMKVKFEAL	=	20000.00000000
FQAGMRLYF	=	20000.00000000
FQKDAKVLF	=	20000.00000000
FRFGDPMPF	=	20000.00000000
FRRRKRMGF	=	20000.00000000
FYRNISDPL	=	20000.00000000
GEGSGARLL	>	20000.00000000
SDDQLRLLK	>	20000.00000000
THYSGNIVH	=	20000.00000000
VERLKHGTF	>	20000.00000000
SEHFSLLFL	=	20000.00000000
SEINNLNLT	=	20000.00000000
RVVDLYIGR	=	20000.00000000
RVMPVFAFK	=	20000.00000000
VMAASGAPF	=	20000.00000000
RVFGFRTAK	=	20000.00000000
