ETTNWLWAF	=	1.00000000
EIIPKIKAY	=	1.00000000
HVIASMRHF	=	1.00000000
EVAESVMFM	=	1.00000000
WTIGNRAPY	=	1.00000000
TTILGLLPM	=	1.00000000
DIAEHGAYY	=	1.00000000
STSRSYMSF	=	1.00000000
STYQPLPLY	=	1.00000000
TVADIWHAM	=	1.00000000
EVIEQWHSL	=	1.00000000
EGINELGAM	=	1.00000000
FIVEHINAM	=	1.00000000
DTTTDISKY	=	1.00000000
DTIKTLPPI	=	1.00000000
EVHTWTEQY	=	1.00000000
EIASPVLVM	=	1.00000000
EIAQHGAWY	=	1.00000000
ETTNWLWTF	=	1.00000000
DVKFHTQAF	=	3.00000000
DIRQDVIAM	=	3.00000000
NVHTWTEQY	=	3.00000000
YSAEALLPY	=	3.00000000
QQYHRFGLY	=	5.65000000
ETACLSKAY	=	7.00000000
FVHTLLKTY	=	9.00000000
DIVRVFNEY	=	10.00000000
DTVLFNAGL	=	41.00000000
IIYERDFSY	=	47.60000000
SLASIGTSF	=	51.80000000
DILASIIDY	=	81.00000000
AIARGFHFY	=	107.00000000
ITMVNSLTY	=	184.00000000
RRMGGLRKY	=	278.75000000
TYSPALNKM	=	530.85000000
EYKKFIATF	=	818.65000000
STKAACPTM	=	1043.00000000
GTEEIKSLY	=	1207.60000000
AVMLVHTYY	=	1241.85000000
RSLFNTIAVLY	=	1350.55000000
SFSFGGFTF	=	1837.95000000
FLMRNAIQY	=	1916.00000000
MYQYIFLSF	=	2533.90000000
IHSDQLSKF	=	2677.95000000
MGKTITDVK	=	2739.60000000
SRTPSGKRL	=	2797.90000000
RSLFNTVATLY	=	2863.90000000
NSDPNTPDK	=	2876.60000000
TQRKKTLGF	=	3310.00000000
EYYFRNEVF	=	3487.85000000
YQYPRDTHY	=	3601.00000000
ARWMISSAL	=	3846.00000000
SYVFNFHKY	=	4092.95000000
TYLYNKYSF	=	4275.90000000
RYPGVMYAF	=	4761.95000000
LFNTVAVLY	=	19999.92337000
EETLLTTWL	>	20000.00000000
EIEIEKNKK	>	20000.00000000
EKLKSLYNTV	>	20000.00000000
EQRLIDICV	=	20000.00000000
FENDIDEIL	=	20000.00000000
EELRSLFNTI	>	20000.00000000
LLRDKDGVY	=	20000.00000000
LLRRRPYPL	=	20000.00000000
LQIVRFTDY	>	20000.00000000
FIYFGKKQY	=	20000.00000000
LYNTIATLY	>	20000.00000000
LYRYIQWLR	=	20000.00000000
DPKKTGGPI	=	20000.00000000
EELKSLYNTI	>	20000.00000000
CVFKFIVAK	=	20000.00000000
IFDDLQGSL	=	20000.00000000
IFLIITKVF	=	20000.00000000
CFMYSDFHF	=	20000.00000000
ALYLLDGLR	>	20000.00000000
ALYSYASAK	=	20000.00000000
ARWLFPVYL	=	20000.00000000
ATNDGLIKK	=	20000.00000000
AVFDSFVER	=	20000.00000000
AVFPRYHPR	=	20000.00000000
AVYLLDGLR	>	20000.00000000
KLTQGRQTY	>	20000.00000000
KYFVRSTEK	=	20000.00000000
ISDPLTSGL	>	20000.00000000
IYWLIFWRF	=	20000.00000000
KMFHGGLRY	=	20000.00000000
KQWSWFSLL	>	20000.00000000
LFLSFCSLF	=	20000.00000000
PYDCKELRL	=	20000.00000000
QRHPNFPSK	>	20000.00000000
KYYNDILKL	>	20000.00000000
KYLFSPNML	=	20000.00000000
NQQVTNSKY	=	20000.00000000
NRLKPRDFK	>	20000.00000000
RHYKRWPFY	=	20000.00000000
IHIPGDTLF	=	20000.00000000
YQVLVMVPK	=	20000.00000000
SHEGEGIPL	>	20000.00000000
VELGSGNSF	=	20000.00000000
SLYKYLLLR	=	20000.00000000
SQMPPQKIM	=	20000.00000000
YQYIFLSFF	=	20000.00000000
YSHYSHNPK	=	20000.00000000
SHAKVLVTF	=	20000.00000000
WFGHLASDW	=	20000.00000000
YEDQLHRAS	>	20000.00000000
RKRLMSMVK	>	20000.00000000
SYLIRALTL	>	20000.00000000
RRFDTFKAF	>	20000.00000000
RRFNLFNKF	=	20000.00000000
RECGARVIL	=	20000.00000000
TVGYMYIMK	=	20000.00000000
VLYCVHQEI	=	20000.00000000
IIGLLKIFR	=	20000.00000000
IISTNTLGK	>	20000.00000000
FSFEIALLK	=	20000.00000000
FYLFTFTIY	=	20000.00000000
FYPEKSTVI	=	20000.00000000
GEIGIRNWL	>	20000.00000000
VFFKQWFEK	=	20000.00000000
SRWRIRSGL	>	20000.00000000
TQLPSKPHY	>	20000.00000000
SYLKPHIFE	=	20000.00000000
SESTIDIIL	>	20000.00000000
IGRGKNHAR	>	20000.00000000
SEFWLNYTA	>	20000.00000000
RVYKNYDPR	>	20000.00000000
VSIRGSHHK	=	20000.00000000
RVFDKADGK	>	20000.00000000
