IQYVIRAQL	=	1.00000000
YLKKKNHPL	=	1.00000000
VQYRGLYQI	=	1.00000000
IQYDRRSFF	=	1.00000000
RIYRKGNPL	=	1.00000000
FQRAIMNAM	=	1.00000000
IMALKQAGL	=	1.00000000
KMNAKAATL	=	1.00000000
RQMRASAPL	=	1.00000000
RQLQREGLV	=	1.00000000
RLKHIFLIF	=	2.79650926
TMRLRSEVL	=	4.00000221
RARQKGCTL	=	4.79794472
LLRRRPYPL	=	4.86576160
SMFERDFHF	=	5.00002054
MQQGRFPPL	=	13.99992708
YMRERFEPM	=	13.99992708
FMKSRVYSI	=	15.69713350
KSFGRISVL	=	18.00003912
TIKRRIRQL	=	25.54603687
WLYPGAQNL	=	27.99986189
MMFDAMGAL	=	33.00003858
AARGRTGVL	=	33.99999913
AMYAPYGPF	=	34.99995182
RMKMRRPHL	=	36.99996868
LLKHRFEII	=	44.69899328
RIIYIIRFL	=	45.64865825
YQAYAAPQL	=	46.00009513
WMMAMRYPI	=	54.99994048
AVRQKSRWI	=	58.64895566
HLKRRKEPL	=	66.89992526
WQFAIHYSF	=	70.84984121
REWFMDLNL	=	94.99949383
AQIGVIGVF	=	108.99997650
MMMGMFNML	=	136.99992810
MLREGNQAF	=	139.00069100
SQMPTSLNF	=	144.00043210
KQWSWFSLL	=	154.99971090
KLRHGQRSL	=	171.00056120
RLPAYAPLL	=	218.00001300
YEFLGELAL	=	319.99838130
FLRGRAYGL	=	323.00034980
RRYRRIYDL	=	325.99873360
ILKERKQAL	=	489.00107510
YYKKTFSAL	=	508.00067020
HLKRTILAL	=	728.99626280
LERPLAVQL	=	937.00391620
TLKQRLTNL	=	1208.00441800
AEAASATPL	=	1791.00556000
REAKATRPL	=	2054.99819500
RAYRNALSM	=	2132.99579100
YNLRRGTAL	=	3221.01362500
TQHFGWHAF	=	4672.98986700
YRHKNYYAL	=	7335.96595200
