MSRRRIYVL	=	1.00000000
AQRELFFTL	=	1.00000000
RQLLWRYQI	=	1.00000000
KQIPIWLPL	=	1.00000000
KQFCLSILL	=	1.00000000
YLKAKREKL	=	2.58532163
SLKERIDML	=	2.93295737
GMYGHPFAL	=	2.99998662
TMMRHRREL	=	5.38390268
RIRFVQNAL	=	5.99997489
YLRKHIRAL	=	8.84872872
FLRRRRAAL	=	8.94986033
AMYRDMATI	=	9.00001708
RLAPGGTTI	=	10.00004383
RVMAPRALL	=	14.00000000
KLFTHDIML	=	16.99999488
AAKKKGASL	=	18.94993404
KRMMIRYCL	=	19.74841766
SLWKDGAPL	=	25.78759402
QMKFYAVAL	=	26.99993079
YLACKQHAL	=	27.99986189
RQNAPFEPI	=	29.99999766
WQQWDRQSL	=	32.00004411
KLQERLAKL	=	33.99999913
RLDARLQVL	=	34.99995182
VVRVRRELL	=	43.99979592
VQHAPQVSL	=	49.99988353
YMRWRKHWL	=	49.99988353
RRRRRRAAL	=	67.84983419
KMFNRASYF	=	68.00001700
YLYLRPYAL	=	73.99995776
WEFVNRPPL	=	83.00001018
KEMGFSPRL	=	89.99959149
VLIRRCHYL	=	108.99997650
YVVSRRGDL	=	141.99989620
FLRKRRRFF	=	159.59949870
FLRKNQRAL	=	203.17310830
RERLSRMAI	=	275.99941570
WQTDTTIPL	=	281.00138000
KQWGWFALL	=	282.00039390
YLRRRQKAL	=	286.99930310
IEIARTLTL	=	304.99902540
YQERFVLAL	=	422.99858720
AMLAGTAVV	=	489.00107510
SQEDNHFSL	=	538.00080210
RSRCRLHHL	=	728.99626280
FLKNRFEAL	=	805.00033480
YQVPFVQAF	=	909.00337170
IVKQRRWKL	=	1441.84999200
YQVKYVSPV	=	2897.99560100
RSFRIHILF	>	20000.00000000
HENARLRAL	=	24999.99311000
RIKTRLFTI	=	24999.99311000
AMLQDMAIL	=	24999.99311000
