RIHDIAVQL	=	1.00000000
RLARRARNI	=	1.00000000
ALYEKKLAL	=	1.00000000
RQRAVRMVL	=	1.00000000
FQHERLGQF	=	1.00000000
RQQAIVDLL	=	1.00000000
GQFLSFASL	=	1.00000000
GQFNRYAAM	=	1.00000000
YLRQRQVAL	=	1.34257469
TQIPRQMVL	=	2.00000055
LQYAIRSVF	=	3.65930571
RVRQAWDTL	=	4.00000221
MLKRRGFHL	=	5.00000000
RLRDAVAQL	=	5.00002054
YMREVGAAL	=	9.00001708
AMMWRIAQL	=	9.00001708
RQWGMGFLL	=	11.99995308
GMFANRWII	=	19.00002630
WMFRIRIIL	=	29.94995826
RLHDAWWTL	=	29.99999766
LLRQHWLSL	=	34.99995182
KVRDRNFQL	=	35.72111487
WMRGRGRAL	=	36.99996868
KQIVIINPM	=	42.54762038
IMRRRQYVL	=	45.94997280
RLLERCAKL	=	46.00009513
REMHHLVEF	=	48.57979028
RVRQQVIQL	=	69.99992294
SMKTRTAWF	=	73.99995776
NQFGTMPSL	=	108.99997650
FQNWGIESI	=	117.00000000
ALFPIIWAL	=	132.00022710
HELSLFWPL	=	139.99988450
FARTLLAAL	=	147.99995630
RQGKTPLTL	=	156.99982470
SQMGLSCAL	=	175.00047790
IQAVFGFSL	=	191.00076470
AEMQNPVYL	=	259.00116280
WMRWGGWPF	=	261.00130660
REAGMAATL	=	272.99972080
RAIEAQQHL	=	309.99950720
RTQRSVRAL	=	312.99909860
WLKEKHEEL	=	330.99951990
RGRAATMAL	=	435.00119830
RRYASQTEL	=	515.00148610
MEQRVMATL	=	579.00129030
RAAPLMQSL	=	587.99761400
HERPVILSL	=	1011.00119800
FRRVAHSSL	=	1396.99382300
LELAFSGVL	=	1988.99940100
KVRGRLLAL	=	4626.00397200
ILHLILWIL	>	20000.00000000
RAWPSAHAI	=	24999.99311000
IELDGIATL	=	24999.99311000
