RMAMIPRTL	=	1.00000000
RQYERYTAL	=	1.00000000
RLRRRRHPL	=	1.00000000
YQRRRRFAI	=	1.00000000
RVRPKKEVL	=	1.00000000
YMYRVWSPL	=	1.00000000
RARRHLAAL	=	1.00000000
RQWFIDVPL	=	1.00000000
KQLELFWVI	=	1.00000000
RMLPKLAEF	=	1.00000000
RMFKRVFNM	=	1.00000000
FMKVKFEAL	=	1.57674703
RVMAIFMAL	=	1.57674703
YLRQRQAAL	=	2.79650926
AMKDRFQPL	=	4.52170583
RMMGKTNPL	=	5.00002054
YQAGISAAL	=	8.00000662
HEYQGKAVL	=	9.00001708
LQAMHGFPL	=	10.00004383
RQNAAIEAL	=	11.99995308
LMARRARSL	=	12.94990347
IVLSHILPL	=	13.99992708
RMMETWHPL	=	16.99999488
YARLRKEVL	=	16.99999488
SQYDPKELL	=	21.00001837
ALRSRWRAL	=	26.59699231
MIRRRNQIL	=	27.99986189
YSFSRAYTL	=	34.99995182
RMIAISAKV	=	37.00000000
FLYDISISL	=	40.94996948
VLKLRFWLI	=	49.74937186
GMNVTAPAL	=	53.21627329
KIRNRIERL	=	65.00014364
RLARAIIEL	=	111.99950930
QLKSRAAVL	=	136.00007150
WMILRAISF	=	175.99928070
FQFTLHWEL	=	197.99940280
RVARARRTL	=	298.99996860
ALLNIKVKL	=	368.64983390
IIMRRFFYF	=	374.99889050
MEFWLVAAL	=	377.00045650
RLSSLSLAL	=	382.99902930
REWSGLNYL	=	437.00138820
AQMWSLMYF	=	500.99744000
RQPLNIQAI	=	595.99769120
GMFIIFIPI	=	726.64991570
YLFLICHNL	=	817.94999850
WMACNSAAF	=	1489.00074100
MLKLRVDVF	=	1837.00915100
MMMPMFNAF	=	1967.99940500
YAMAIRQAI	=	3504.00442100
AMAAAAAPY	=	24999.99311000
