ILNHKFCNL	=	1.00000000
RQADILRQF	=	1.00000000
ALFYKDGKL	=	1.00000000
YLRRRIGMI	=	1.00000000
LQLARDGMF	=	1.00000000
KQRCALPSL	=	1.00000000
RQIRMTSTI	=	1.00000000
YMKERFTVL	=	1.00000000
YMKAPSGAL	=	1.00000000
RMYSPVSIL	=	2.00000055
RLIGHISTL	=	2.99998662
IVDCLTEMYY	=	4.70000000
KQWRGDKML	=	5.00002054
FLIRRFFMF	=	6.79705819
RARKRGITL	=	7.00003735
TLKRRSWPL	=	7.74596669
SMRSRARHI	=	8.94986033
QLKYKYPAL	=	9.00000000
YLYQPCDLL	=	9.00001708
AMAGGIGVL	=	12.99997533
GMRDVSFEL	=	14.99999470
YQRALHTSI	=	16.00001764
ALLKHRFEI	=	16.00001764
TMKRKRLFL	=	20.00000000
YMYAVSGAL	=	20.00009317
HQAIISDVL	=	25.64761197
AIIRILQQL	=	30.00000000
FQWAIQDGI	=	33.79940828
WLYDLWGQL	=	33.99999913
WMYNIQPYL	=	33.99999913
YMKKRYEEF	=	34.99995182
MQRSGMLSL	=	36.99996868
YMRERLSDF	=	61.00021454
RVYSDHQAL	=	70.99992853
RLRRDQRSL	=	137.99966980
FMSMVSHEL	=	164.00059160
LVRDITESL	=	194.74983950
GQPHSLASL	=	218.00001300
TQFGVPFVL	=	226.00018190
VMAASGAPF	=	271.00144230
HMPAARPEL	=	315.00016420
KAMSTPFSL	=	344.00154730
AANMYIYPL	=	366.99904620
KELGVHMSL	=	425.99778830
SLPPNFSSL	=	503.00166970
NMKWKFNAL	=	552.99729370
RALAYDPAL	=	759.99657920
KLLPVHYYM	=	787.00087220
LLKTRFRGL	=	930.00443540
LMMNGTSAM	=	940.99670180
REMINHYQV	=	1235.99365800
MAAAAFPAL	=	1516.00245000
MEFNSLLAI	=	3016.98528000
GMDPRMCSL	=	24999.99311000
