FPFKWAAAF	<	1.00000000
FPDKYAAAF	<	1.00000000
YPFKYAAAF	<	1.00000000
FPFKYAIAF	<	1.00000000
IPFKYAAAF	<	1.00000000
FPFKYASAF	=	1.05318500
QPFKYAAAF	=	1.14260600
FPFKYACAF	=	1.19869400
FPFKYAWAF	=	1.48234600
FPFKYAAPF	=	1.53944600
RPVFSSPPSY	<	2.00000000
YVADALAAF	<	2.00000000
CPFKYAAAF	=	2.07498100
FPFWYAAAF	=	2.13899300
FPFKYWAAF	=	2.40522400
FPFKYFAAF	=	2.79457600
FPSKYAAAF	=	3.23340900
FPFKYAALF	=	4.57764800
FPFSYAAAF	=	4.61558400
FPFKYHAAF	=	6.33347100
KPVDTSNSF	=	6.91926600
FPFKYDAAF	=	7.37720700
LPFHRWHTM	=	9.82559600
RPQVPLRPMTY	=	12.32939200
FPFKYAPAF	=	15.38074000
FPFKYAAYF	=	18.32878000
FPFKYAAFF	=	24.88599200
FPFKYRAAF	=	30.79234100
RPLEACYNTC	=	52.90034600
LPFYSNVTGF	=	53.69704100
FPFKYAACF	=	56.05781900
RPMTYKAAL	=	77.40537200
FTFDFTSPY	=	85.13536500
YPLTFGWCY	=	123.31976800
FQFKYAAAF	=	133.34058700
IPTNFSISI	=	144.90653500
TVLDVGDAY	=	151.42338000
RSWPWQIEY	=	162.93000000
MPRQTGGFF	=	166.37494800
DPFKYAAAF	=	179.94495200
FAFKYAAAF	=	403.64731500
FPPKYAAAF	=	480.69879300
IIVDSQYVM	=	493.21808400
GSVNVVYTF	=	537.04724700
WPNASLTPD	=	779.60274500
FPFKYAAAW	=	847.50145200
LPQRETWTV	=	1022.32228500
FTFKYAAAF	=	1077.98183100
YPLTFGWCF	=	1142.85714300
HPVHAGPIA	=	1326.25994700
FPRGQGVPI	=	1333.33333300
FPFKYAAAN	=	1690.93668800
DPNPQEVVL	=	1888.28859650
MAQVHQGLM	=	2109.62952500
YPGIKVRQL	=	2257.33634300
FYFKYAAAF	=	2376.32558000
FPQAAPHGVV	=	2398.08153500
FRQYTAFTLP	=	2629.50384200
TPGPGVRYPL	=	2934.20459579
FHFKYAAAF	=	3171.42455300
MVAWWAGIEH	=	3476.79422100
FMFKYAAAF	=	3715.46319500
TPNYADILL	=	3810.02839100
RPVVTAHIEG	=	4567.91242800
SPKKTGMLEM	=	4584.16667700
CPDRQAGFL	=	4816.93683600
FPVTPQVPLR	=	5208.33333300
RALGPAATL	=	5882.35294100
IVTRIVELL	=	7022.08407100
QLNAWGCAF	=	7675.29556500
FPFKYAAAQ	>	7812.50000000
FPFKYAAAD	>	7812.50000000
WTDYWQVTW	=	7832.12401600
HYWDAIRFRY	=	8662.95707000
WPITHLHTD	=	8873.56509400
SVYGIYCTL	=	9043.75995500
RPNNNTRKSI	=	9174.31192700
SVETIVLMAV	=	10462.55794150
VVGVILLRI	=	10670.22733850
AQVHQGLMPT	=	14001.85069100
QPILQRLSA	=	15628.81609750
WAAQIYPGI	=	15900.00000000
KFYGPFVDR	=	18547.16280000
SPGGLDKGL	=	19055.39834950
RPTAPSSGRG	=	19849.71000000
HVLEPFRKAN	=	19920.47682100
EPSGSDIAG	=	21679.89706850
TPLREQENS	=	22941.57338850
VALNVTESF	=	25923.79236900
AAASTPESA	=	30393.79657850
VQYMDDILI	=	31400.00000000
FTLPSVNNAE	=	31750.03175000
RDNRTIISL	=	32903.50893100
PPTDTPLDL	=	39800.00000000
WLSTYAVRI	=	41030.49699150
IPEWDFISTP	=	42257.71273800
PIQKETWETW	=	45454.54545750
FGLPRIVARQ	=	45883.14677200
TAQSRTLLAG	=	47140.45207950
FQWMGYELW	=	53376.05126900
YPKTFGWLW	=	56980.28823000
RLIHLLHQTN	>	71428.00000000
LAIDMSHFIK	>	71428.00000000
LLALADRIYS	>	71428.00000000
LHSTYFPCFT	>	71428.00000000
GGNSSWPWQI	>	71428.00000000
MPKTSRPTAP	>	71428.00000000
HPQPAPQQGQ	>	71428.00000000
HTTVPWPNAS	>	71428.00000000
QQDQALPTRE	>	71428.00000000
KRITVLDIGD	>	71428.00000000
PPFQWMGYEL	>	71428.00000000
GIPHPAGLAK	>	71428.00000000
TWIPEWDFIS	>	71428.00000000
WVPAHKGIGG	>	71428.00000000
FQSYVDRFYK	>	71428.00000000
APPTNPYNTP	>	71428.00000000
YLMHPAQTSQ	>	71428.00000000
FLMALTDSGP	>	71428.00000000
TSTLQEQIGW	>	71428.00000000
AQSRTLLAGI	>	71428.00000000
WAANELDRFG	>	71428.00000000
FSIPLDEEFR	>	71428.00000000
RSATETLAG	>	76923.00000000
RSSCTSEAA	>	76923.00000000
FLIRQLIRL	>	76923.00000000
VPHFKVGWA	>	76923.00000000
TPINIFGRN	>	76923.00000000
ASTPESANL	>	76923.00000000
WPNASLTPK	>	76923.00000000
FPLQEGSHL	>	76923.00000000
STYFPCFTA	>	76923.00000000
FVLGFLGFL	>	76923.00000000
WIAVPTWRI	>	76923.00000000
DPAVDLLKN	>	76923.00000000
SSWPWQIEY	>	76923.00000000
DHQAAFQYI	>	76923.07692000
YVFPVIFSK	>	76923.07692000
