FPFKYAEAF	<	1.00000000
FPQKYAAAF	<	1.00000000
APFKYAAAF	<	1.00000000
FPFKQAAAF	<	1.00000000
FPFKYATAF	<	1.00000000
FPFKYPAAF	<	1.00000000
FPFKYAAAY	<	1.00000000
FPFKYAFAF	<	1.00000000
KVFPYALINK	=	1.24824900
FPFKYAGAF	=	1.30343700
FPFKSAAAF	=	1.40312900
LPFKYAAAF	=	1.56148700
FPFKYAAIF	=	1.67857200
FPFKYAATF	=	2.19011600
SPAIFQYTM	=	2.23741600
FPFKIAAAF	=	2.53552000
FPFKAAAAF	=	3.59804800
YVAAALAAF	=	4.56164800
FPFKYAKAF	=	5.20599900
FPFYYAAAF	=	5.37629500
FPFKYADAF	=	5.51618600
FPFFYAAAF	=	5.52130400
FPHKYAAAF	=	7.12586200
FPFKYAAQF	=	7.15071600
FPFKYCAAF	=	8.83322700
APSSGRGGNY	=	9.66184000
NPFKYAAAF	=	12.54288300
FPFKYAAMF	=	15.41992400
FPFHYAAAF	=	15.73138700
YTFAFTSPF	=	17.43527200
FPFKKAAAF	=	19.42535200
FPFKYEAAF	=	23.67251400
FPYKYAAAF	=	24.68449300
MPASWVMRIM	=	47.13201700
EPFKYAAAF	=	67.69594400
FPFKYAANF	=	132.04307100
FPFKYAAGF	=	135.11457100
SPYNSQNAV	=	136.89253900
MPYVFTLLF	=	163.96130500
APQFPHGSSA	=	280.36068500
FPDPPTDTPL	=	319.28616900
LPDDFMGCVL	=	355.11363600
WPVTLACFVL	=	471.25353400
YPLASLRSLF	=	550.35773300
AENLWVTVY	=	756.73000000
RPWSMGKEA	=	815.48000000
FNFKYAAAF	=	922.50049800
TLAYTYEAY	=	953.62316900
MPICMDVRAI	=	1081.08108100
FPFKYAAAI	=	1157.55628000
FLATAGSAM	=	1182.10155600
APQFPHGSS	=	1428.68951900
FPYSTFPII	=	1449.77546200
FWFKYAAAF	=	1458.57312500
HPLSHFVNL	=	1555.20995300
YTAVVPLVY	=	1621.00364850
YIVQMLAKL	=	1678.38399200
FPIAKVEPV	=	1696.37785900
FPFKYAAAC	=	2703.05813200
IVIYIVQML	=	4400.77047400
FCFKYAAAF	=	4653.62994400
FPFKYAAAE	=	5780.73313000
TLVQYMDDI	=	6182.43444600
EPIDKELYPL	=	6535.94771200
FPFKYAAAR	>	7812.50000000
FLKEKGGL	>	8771.92982500
APRTLVYLL	=	10624.24182600
SLSCEGQKY	=	11981.41924750
IPLTEEAEL	=	12345.67901000
LPSVNNAEPG	=	14672.40793000
CCYHCQFCF	=	16497.82126950
VPKFHLPVE	=	17927.20628100
EKEGKISKI	=	20833.33333150
RGGGPEVTF	=	21319.73739900
TPYDINQMLN	=	21402.92512200
AVHVASGFIE	=	22581.93760950
FPHGSSASG	=	28025.43879200
RQLIRLLTW	=	29348.36354200
LVQYMDDILI	=	31814.23814950
ISTPPLVRL	=	35874.80016850
RGVFVLGFL	=	37285.58106200
AQIDNYNKF	=	38995.05075500
APVPIPFAAA	=	39929.42312100
RLSATLQRI	=	42220.03309100
VPTWRIPERL	=	42333.37566850
PVFSSPPSY	=	44044.18339100
NPQSQGVVEA	=	44992.12706850
FPIAKVEPVK	=	45501.57551950
RIYSFPDPP	=	47245.55912800
DPPTDTPLDL	=	47450.56453850
TPIGLAPTNV	=	48112.52243100
IPFAAAQQR	=	48795.00364850
RQQNPIPVG	=	51708.76900000
APTNVKRYTT	=	55048.18825800
ATPYDINQML	=	55074.52664300
RPNGKKKYM	=	55727.82125900
TAPPEDPAVD	=	56239.75733935
ALFLLKLAG	=	60633.90625950
SVRPKVPLRT	=	62239.52261765
ISDSNPYLTQW	>	62500.00000000
TMRHVLEPF	=	65372.04504800
PPGYALLRC	=	65372.04504800
LPVTIMSGLV	>	71428.00000000
GMSLNFPIAK	>	71428.00000000
KVGKNVYLPP	>	71428.00000000
ALADRIYSFP	>	71428.00000000
YSFPDPPTDT	>	71428.00000000
FPLQEGSHLE	>	71428.00000000
TPNYADILLH	>	71428.00000000
YPKTFGWLWK	>	71428.00000000
YLQYGWSYFQ	>	71428.00000000
FKNFRVYYRE	>	71428.00000000
TPDWNNETWQ	>	71428.00000000
ESFDAWHNTV	>	71428.00000000
DAYFSIPLDE	>	71428.00000000
DPPTNTPEAL	>	71428.00000000
VPAHKGIGGN	>	71428.00000000
FLPSDYFPSV	>	71428.57143000
RRSKPAGDL	>	76923.00000000
RRSRPSGDL	>	76923.00000000
AIFQYTMRH	>	76923.00000000
IVLPEKDSW	>	76923.00000000
VPYNPQSQG	>	76923.00000000
TPLDLAIQQ	>	76923.00000000
WIQLGLQKC	>	76923.00000000
QASQEVKNW	>	76923.00000000
TALLEEAQI	>	76923.00000000
LAIQQLQNL	>	76923.00000000
WRNATIPLF	>	76923.00000000
VPRRKAKII	>	76923.00000000
LAGAWRDLW	>	76923.00000000
AYIDNYNKV	>	76923.07692000
YEFLQPILL	>	76923.07692000
SDYLELDTI	>	76923.07692000
ERYFRIHSL	>	76923.07692000
AEFKYIAAV	>	76923.07692000
YLKDQQLL	>	90909.00000000
TAFTIPSI	>	90909.09091000
