FPFKGAAAF	<	1.00000000
FPFKLAAAF	<	1.00000000
FPFKPAAAF	<	1.00000000
FPMKYAAAF	<	1.00000000
FPFKYMAAF	<	1.00000000
FPFKYLAAF	<	1.00000000
FPFKYIAAF	<	1.00000000
FPFKYAYAF	<	1.00000000
FPFKYAQAF	<	1.00000000
FPFKYAMAF	<	1.00000000
FPFKYAAVF	<	1.00000000
FPFKHAAAF	=	1.05295600
FPIKYAAAF	=	1.12972000
FPAKYAAAF	=	1.22763200
FPFKYAHAF	=	1.31091000
FPFQYAAAF	=	2.00672600
FPFKTAAAF	=	2.42091200
FPFKVAAAF	=	2.59000000
SPSYVKYRY	=	2.64499000
TPFKYAAAF	=	3.43157900
FPFLYAAAF	=	3.49071500
FPFKYSAAF	=	4.68910600
FPFTYAAAF	=	7.76668700
HPDIVIYQY	=	9.71203800
FTFAFTSPY	=	11.32605400
IPLDEEFRQY	=	17.30394800
FPFKYKAAF	=	32.78489900
YTFDFTSPF	=	37.44056300
FPFKYAAKF	=	45.01821200
FPVTPQVPL	=	56.55048428
FPGKYAAAF	=	59.99442900
RPLMESELVI	=	71.71029000
FPEKYAAAF	=	74.58421100
FPFKYAAWF	=	79.34562700
FPVKYAAAF	=	97.91456600
LPTNAVVKM	=	119.90407700
RPVFSSPPS	=	138.22454800
AIIRILQQL	=	170.55000000
SLYNTVATL	=	226.80000000
FPFKYAAAG	=	331.31956300
FPFKYAAAA	=	391.15084900
SAIPPSRSM	=	442.91624900
TPQVPLRPM	=	463.17739700
IVTDSQYAL	=	501.50451400
APHHVVAVI	=	577.70075100
FPMAQVHQG	=	871.58988400
NSSWPWQIEY	=	904.45873100
APVPIPFAA	=	917.69181600
IAMESIVIW	=	1222.77876500
QAISPRTLNAW	=	1312.33595800
IIIVAVHVA	=	1576.15936100
FLRGRAYGI	=	1644.93605200
FKFKYAAAF	=	1828.52480700
WKFDPTLAY	=	2199.40960200
SEAAYAKKI	=	2271.61469500
SPRTLNAWV	=	4761.90476200
STIPPSRSM	=	4924.85368800
FGFKYAAAF	>	7812.50000000
FPFKYAAAK	>	7812.50000000
FDFKYAAAF	>	7812.50000000
SSASNKPISN	=	8883.36318100
SLIANIDWID	=	9094.29189500
TWEAWWTEYW	=	9615.38461500
TVTSLIANI	=	10620.49443900
QPIFQRLSA	=	11419.31103100
AIFQSSMTK	=	12572.98920150
FASQEVKMVA	=	12752.19447050
AAMQIIRDII	=	15167.19000000
TALGMSLNF	=	17611.74884100
RIVIYIVQM	=	19202.22394100
SPLCITMRC	=	21166.68783150
RISGVDRYY	=	27394.84271000
QYMDDILIAS	=	32241.29401050
IVIYIVQMLA	=	32241.29401050
IPDWQDYTSG	=	32730.31308200
APQQGQLRE	=	35714.28571200
FAAPQFSLW	=	36155.07630150
TPIGLAPTDV	=	36213.85000000
VPIPFAAAQ	=	37688.91807100
APLVPTGSE	=	38016.85654200
IANIDWIDGN	=	38490.01794800
RPKQAWCWFG	=	40103.78962850
IPFAAAQQRG	=	44432.25786850
LPVTIMSGL	=	44581.36052050
ERYFRINSL	=	45175.39515000
YIQYGVYIVV	=	45360.92116150
RMYSPTSI	=	45454.54546000
LAPVPIPFAA	=	48911.59880200
LPPVVAKEI	=	50000.00000000
WPTVRERM	=	50000.00000000
APPGYALLRC	=	53300.17908950
CPDRQAGFLG	=	54232.61445750
TSLIANINW	=	55727.82125900
TAGSAMGAA	=	60522.75326850
APSSGRGGN	=	62177.82933000
TSQWDDPWGE	=	63439.29437000
KKPRNFPMAQ	>	71428.00000000
NPYPTGPGTA	>	71428.00000000
IPDPPTNTPE	>	71428.00000000
HVMAKCPDRQ	>	71428.00000000
RPKVPLRTMS	>	71428.00000000
NPYNTPTFAI	>	71428.00000000
LLIAILLLSV	>	71428.00000000
HRILDIYLEK	>	71428.00000000
GPEVTFMWTN	>	71428.00000000
VPRRKAKIIK	>	71428.00000000
FWTDVTPNYA	>	71428.00000000
HLVVETGTAE	>	71428.00000000
EPVDPRLEPW	>	71428.00000000
TNPYNTPTFA	>	71428.00000000
AAVKNWMTQT	>	71428.00000000
TPKIVGGIGG	>	71428.00000000
AIEDVWQLFE	>	71428.00000000
APTDVKRYTT	>	71428.00000000
WRNATIPLFC	>	71428.00000000
FAAPQFSLWR	>	71428.00000000
VPCHIRQIIN	>	71428.00000000
WQMDCTHLEG	>	71428.00000000
VPVNVSDEAQ	>	71428.00000000
VPSLQYLALK	>	71428.00000000
VPIPFAAAQQ	>	71428.00000000
RILHNFAYSL	>	71428.57143000
TVFYGVPAW	>	76923.00000000
RSSCISEAD	>	76923.00000000
TQTSTWFGF	>	76923.00000000
TQDFTEVQL	>	76923.00000000
TPIGLAPTD	>	76923.00000000
FPDPPTDTP	>	76923.00000000
RPGNKTVLP	>	76923.00000000
DPWGEVLAW	>	76923.00000000
DPPFQWMGY	>	76923.00000000
MTGDTPINI	>	76923.00000000
WPWQIEYIH	>	76923.00000000
SSVDEQIQW	>	76923.00000000
LAGRWPITH	>	76923.00000000
TLLSRVYQI	>	76923.00000000
IRFPKTFGY	>	76923.07692000
YQAVVPLVY	>	76923.07692000
