MPFKYAAAF	<	1.00000000
FPFKYAVAF	<	1.00000000
SPFKYAAAF	<	1.00000000
RPFKYAAAF	<	1.00000000
FPFKYALAF	<	1.00000000
FPFKYTAAF	<	1.00000000
FPFKRAAAF	=	1.15650200
FPFNYAAAF	=	1.21863300
FPFKYVAAF	=	1.34000000
FPFKYGAAF	=	1.84234500
FPFKYAAAF	=	1.91792970
VPWSKILAY	<	2.00000000
YVAAFTSAF	<	2.00000000
FPFPYAAAF	=	2.62000000
FPFKEAAAF	=	3.16185100
FPFGYAAAF	=	3.52000000
FPFAYAAAF	=	4.84000000
FPFCYAAAF	=	4.95597200
FPFKYANAF	=	5.90963100
KPNELSLAL	=	6.96490400
FPLCANGQVF	=	11.50443500
RPIFEWIEA	=	11.59218700
NSSKVSQNY	=	14.22033300
YLPTQQDVL	=	14.45530400
NPDIVIYQY	=	43.57298500
FPCKYAAAF	=	46.62306600
FPWKYAAAF	=	70.49880000
FPTKYAAAF	=	72.67581500
FPQGKAREF	=	72.97139500
CPAVAVHDF	=	82.27744000
FPMAQVHQGL	=	104.03322600
FPFIYAAAF	=	125.08824600
VPSLQYLAL	=	135.40036000
SPSYVKYRYL	=	135.56717500
RAENRTYIY	=	153.31468700
FPFKYAAHF	=	228.50007100
NPIQLSSYSL	=	237.75558700
RPGNKTVLPV	=	302.41548100
FPKKYAAAF	=	316.17297800
SAMGAASLTL	=	344.19509200
CPAEIVDTV	=	356.88793700
QPAPQQGQL	=	425.17560200
RPKQAWCWF	=	472.69200700
IPQSLDSYWTSL	=	520.86427350
FSFKYAAAF	=	646.54791000
VPLDEDFRKY	=	736.37702500
FVFKYAAAF	=	775.21871400
ILLRIVIYI	=	972.93387200
AYIDNYNKF	=	1068.47091500
FPFKYAAAV	=	1211.43144000
FLFKYAAAF	=	1549.93500500
SPAIFQYTMR	=	1612.60959300
NPAWRKAVF	=	1650.16501700
WPITHLHTDN	=	2360.44773800
FPCSICLSGL	=	2590.67357500
LGNQLLIAI	=	2907.92432200
FPFKYAAAT	=	4298.54132300
MPKCSKVVVS	=	5651.22000000
YPTGPGTAN	=	5828.55102600
TPLDLAIQQL	=	7322.91291900
RITWYSKNF	=	7536.07106600
FPQVGGLTSI	=	7575.75757600
FPFKYAAAS	>	7812.50000000
FFFKYAAAF	>	7812.50000000
RPWSMGKEAP	=	8439.49472600
ETFGFEIQSY	=	8698.22847150
TPQDLNTML	=	11235.95505800
EALAPVPIPF	=	11390.14222750
IVNRNRQGY	=	15057.68602000
NQQAELEAF	=	15075.96293900
LPQGWKGSP	=	15302.45972100
WAANELDRF	=	16633.82328750
FSFPQITLW	=	16675.93365000
HPRVSSEVHI	=	21276.59574750
TPAERLINM	=	24507.15407000
CVGDHQAAM	=	26130.12342000
AVATAPGLGR	=	32400.43864850
FPRIWLHGL	=	33333.33333150
GTIMTGDTPI	=	33709.99312150
FGAEVVPGFQ	=	34553.85371005
RLIRGKMTL	=	34585.72319150
RTMSYKLAI	=	36361.81517850
HFDPRLLTAL	=	39781.39795100
HPAQTSQWDD	=	40958.98226200
RGGRWILAI	=	42796.04925050
RLINMITTEQ	=	43297.53000000
IIIVAVHVAS	=	43519.41398950
RPTAPSSGR	=	48795.00364850
YTGDFDSVI	=	50000.00000000
APQFSLWRRP	=	51864.15833750
MPRQTGGFFR	=	54554.47255950
TALFLLKLA	=	54554.47255950
PPENEGPQRE	=	57098.62799080
TPIGLAPTN	=	60858.06194750
HTDNGANFAS	=	62735.73525950
RLIRGKMTLT	>	71428.00000000
QKLNSWDVFG	>	71428.00000000
KEAPQFPHGS	>	71428.00000000
NPLSAIPPSR	>	71428.00000000
IASDRTDLEH	>	71428.00000000
RQAGFLGLGP	>	71428.00000000
NELDRFGLAE	>	71428.00000000
QQDPALPTRE	>	71428.00000000
MLIDFRELNR	>	71428.00000000
GLAKVLGILA	>	71428.00000000
HQTNPYPTGP	>	71428.00000000
GAASLTLTAQ	>	71428.00000000
HVASGFIEAE	>	71428.00000000
QANSDLGTWQ	>	71428.00000000
LPPREGDLTC	>	71428.00000000
ALGMSLNFPI	>	71428.00000000
APLVPTGSEN	>	71428.00000000
FPRAHKYQVP	>	71428.00000000
YGWSYFQEAV	>	71428.00000000
YGWSYFHEAV	>	71428.00000000
FNLVKDPIEG	>	71428.00000000
YGVPAWRNAT	>	71428.00000000
VLAPLVPTGS	>	71428.00000000
DPPFQWMGYE	>	71428.00000000
TPTTASAKV	>	76923.00000000
NPYNTPTFA	>	76923.00000000
VPCHIRQII	>	76923.00000000
KIVGGIGGF	>	76923.00000000
NITMSAEVA	>	76923.00000000
VAVHVASGF	>	76923.00000000
HTQGYFPDW	>	76923.00000000
QANSDLGTW	>	76923.00000000
TPESANLGE	>	76923.00000000
TIMSGLVFH	>	76923.00000000
RAIRGEQLL	>	76923.00000000
KSINKVYGK	>	76923.07692000
KALGPGATL	>	76923.07692000
SEIDLILGY	>	76923.07692000
YVFPVIFSR	>	76923.07692000
RRAARAEYL	>	76923.07692000
YVIKVSARV	>	76923.07692000
GDYKLVEI	>	90909.09091000
AQFSPQYL	>	90909.09091000
