FPFKNAAAF	<	1.00000000
FPFDYAAAF	<	1.00000000
FPFEYAAAF	<	1.00000000
HPFKYAAAF	<	1.00000000
FPFKFAAAF	<	1.00000000
GPFKYAAAF	<	1.00000000
KPFKYAAAF	<	1.00000000
VPFKYAAAF	<	1.00000000
FPFKYQAAF	=	1.08424600
FPFKMAAAF	=	1.70604300
WPFKYAAAF	=	1.87000000
NPIPVGNIY	<	2.00000000
FPFKYNAAF	=	2.61745100
FPFMYAAAF	=	3.48027800
FPFKDAAAF	=	3.60650600
FPFKYAAAM	=	3.93975600
FPNITNLCPF	=	3.98589000
FPFRYAAAF	=	4.63785100
IPLQASLPF	=	4.98233800
FPFKCAAAF	=	5.87198200
FPNKYAAAF	=	8.79422300
FPFKYARAF	=	10.57316800
FPFKYAAEF	=	10.59293200
FPFKYYAAF	=	11.07328700
TPIAYRNVL	=	15.57123100
FPFKYAAAL	=	16.82384700
LPVNVAFEL	=	20.08932200
YPVQQIGGNY	=	20.12400500
FPFKYAASF	=	35.94084400
NPDVTLVQY	=	45.35273700
FPLKYAAAF	=	56.80482400
MPILTLTRAL	=	64.24670700
FPREGVFVF	=	71.13893400
FPFKYAADF	=	83.53900800
FPFVYAAAF	=	86.65253900
FPFKYAARF	=	88.69008300
YTMRHVLEPF	=	210.95180800
FEFKYAAAF	=	255.42191700
FRYNGLIHR	=	277.97616400
TSTVEEQIQW	=	297.15000000
ALADRIYSF	=	349.07964300
MPASWVMRI	=	372.85607800
RPGPPPPPP	=	451.02000000
PPFKYAAAF	=	576.08740600
YTSGPGIRY	=	749.50751100
TPYDINQML	=	778.28797009
FPFKYAAAH	=	791.47964500
EPIVGAETF	=	829.18739600
IAILLLSVY	=	845.71321400
FPRKYAAAF	=	860.20494900
TVLDIGDAY	=	1181.08625200
MPNMLRIMA	=	1187.64845600
HIGPGRAFY	=	1441.30528400
KTAVQMAVF	=	1553.20805600
FIFKYAAAF	=	1769.44041800
AYISSEATTPV	=	2361.23723800
EPFQSYVDRF	=	3352.58469100
AQLNAWGCAF	=	3531.34292300
VPVNVSDEA	=	3690.06202300
WASRELERF	=	3984.06374500
STYAVRITW	=	4829.62185300
FRFKYAAAF	=	5776.96991400
FPFKYAAAP	=	6032.75020600
VTIMSGLVF	=	6160.22237100
TPDWNNETW	=	8507.01906000
RNNRTIISL	=	8951.43592500
SASGADANC	=	9233.17344700
HYWDTIRFRY	=	9589.50432000
ALAPVPIPF	=	9691.10639700
LALNVTESF	=	11451.21581050
SLIANINWID	=	11592.53574050
EPWDEWVVEV	=	11686.65438980
TPPLVRLVF	=	13793.43147850
RRDYRRGL	=	13972.03622000
YIVVGVILL	=	14085.90424750
NPIPVGNIYR	=	15038.01905900
SPPSYFQQTH	=	15436.86185200
RSQGENPTW	=	16724.84020000
VPGFQALSE	=	17688.72844100
RGPYRAFVTI	=	27777.77778000
RMYNPTNIL	=	28788.60000000
IPHPAGLAK	=	30900.00000000
TSLIANIDW	=	36369.64837150
SPLCITMRCN	=	37986.85882000
VPAHKGIGG	=	42601.43228200
MSYKLAIDM	=	44277.44038150
SSASGADAN	=	47673.12946100
TPKWNNETW	=	49867.37338100
APQFSLWRR	=	50251.89076150
GADDSIVTGI	=	52925.61240100
AGFLGLGPW	=	53376.05126900
RPVVTAHIE	=	53860.86725050
TAVPWNASW	=	55555.55555800
RALFMHFRG	=	60858.06194750
IEYIHFLIRQ	=	64217.83626125
KPIKCWNCGK	>	71428.00000000
FSSPPSYFQQ	>	71428.00000000
NPLSTIPPSR	>	71428.00000000
QPINDRPKQA	>	71428.00000000
IAVPTWRIPE	>	71428.00000000
IANINWIDRN	>	71428.00000000
GGNRSWPWQI	>	71428.00000000
HMEDTGEARE	>	71428.00000000
LPQRETWTVN	>	71428.00000000
NSWDVFGNWF	>	71428.00000000
YLQYGWSYFH	>	71428.00000000
TPINIFGRNL	>	71428.00000000
FPCFTAGEVR	>	71428.00000000
FPGLAKVLGI	>	71428.00000000
AQDNCTGLEQ	>	71428.00000000
FDLASWIKYI	>	71428.00000000
AVILKVGTDI	>	71428.00000000
ESFDAWNNTV	>	71428.00000000
VPWPNASLTP	>	71428.00000000
VPAWRNATIP	>	71428.00000000
KTKDYVNGL	=	74124.93167000
IPRRIRQGL	>	76923.00000000
DLLHLNSLF	>	76923.00000000
VPAWRNATI	>	76923.00000000
YQVPSLQYL	>	76923.00000000
YMDDILIAS	>	76923.00000000
RNLLTALGM	>	76923.00000000
RNKRGVFVL	>	76923.00000000
RNFPMAQVH	>	76923.00000000
FPGLAKVLG	>	76923.00000000
RIGQPGGGN	>	76923.00000000
RILQRALFM	>	76923.00000000
WIDGNQTNI	>	76923.00000000
LAGAWGDLW	>	76923.00000000
PPTNTPEAL	>	76923.00000000
KYKLKHIVW	>	76923.07692000
VPLTEEAEL	>	76923.07692000
GLYSSTVPV	>	76923.07692000
FVNYNFTLV	>	76923.07692000
KAGQYVTIW	>	76923.07692000
VGNVYVKF	>	90909.09091000
YHSNVKEL	>	90909.09091000
