YLDAIQQPV	=	1.00000000
ISDSAQNMM	=	1.00000000
ASDYSQGAF	=	1.00000000
FADINGKLY	=	1.00000000
LLDKQQFEL	=	17.00000000
FAMRLLQAV	=	17.00000000
CSDETTLYY	=	30.00000000
FLPDKAIDL	=	47.00000000
FMQEIPTFL	=	54.00000000
FLADYGWRL	=	57.00000000
YVYPDNLPV	=	78.00000000
RLDARLQVL	=	82.00000000
FAYKTGSSM	=	90.00000000
YVTPRALEL	=	122.00000000
YTLNDAPYI	=	181.00000000
FSYNVAYAI	=	182.00000000
FATPAFFLI	=	198.00000000
YLARNAVPV	=	203.00000000
WTDLFDNKV	=	254.00000000
FTMRLLSPV	=	316.00000000
FVAEGDALV	=	327.00000000
FMFDYIPPV	=	368.00000000
ILDDNLYKV	=	379.00000000
MTSELAALI	=	415.00000000
YLPEVISTI	=	456.00000000
RSDEYVAYY	=	481.00000000
LTDNGYLLY	=	485.00000000
IVDKSGAAL	<	500.00000000
IVDKSGREL	<	500.00000000
GSDPRVTQL	<	500.00000000
IIDKSGAAV	<	500.00000000
IIDKSGATV	<	500.00000000
ASDHAPHTL	<	500.00000000
IIDKSGAVV	<	500.00000000
IIDKSGAYV	<	500.00000000
IIDKSGFAV	<	500.00000000
AADFEIGHF	<	500.00000000
IIDKSGKAV	<	500.00000000
AGDDAPAAV	<	500.00000000
IIEQIQPAI	<	500.00000000
IIDKSGSAV	<	500.00000000
IIDKSGSEV	<	500.00000000
AVDGSGTKF	<	500.00000000
IIDKSGSTV	<	500.00000000
IIDKSGGGV	<	500.00000000
IIDKSGEEV	<	500.00000000
YVDEHGTRL	<	500.00000000
NADTVSSKL	<	500.00000000
QGDAVVLKI	<	500.00000000
CTERQANFL	<	500.00000000
NADAIVVKL	<	500.00000000
KSDERPVHI	<	500.00000000
IVDRPVTLV	<	500.00000000
NADGKIISL	<	500.00000000
LLETPEGCL	<	500.00000000
SAEKAPVSV	<	500.00000000
SIDKTGENF	<	500.00000000
IVDRGSTNL	<	500.00000000
TSDDVAKEF	<	500.00000000
VGDKPVSNF	<	500.00000000
VGDPHTVTV	<	500.00000000
AADKIHSSF	<	500.00000000
AADHYSQQM	<	500.00000000
SADSKPIDV	<	500.00000000
FQPQSGNAM	=	576.00000000
YTDKIAMSY	=	651.00000000
FAPDRVGAL	=	673.00000000
YMYQYIQEL	=	736.00000000
FTSSFYNYV	=	818.00000000
YTTDVNQLY	=	1009.00000000
FVADYLARF	=	2770.00000000
YMKPGSSPL	=	4450.00000000
LLDEYRDYI	=	20000.00000000
LVDENQSWY	=	20000.00000000
MSPDNALIY	=	20000.00000000
FAADKDSLY	=	20000.00000000
RAYRNALSM	=	20000.00000000
RIFPATHYV	=	20000.00000000
RVYAHVRSV	=	20000.00000000
RVYEALYYV	=	20000.00000000
FSPEVIPMF	=	20000.00000000
STAPTGSWF	=	20000.00000000
FVADSTPLY	=	20000.00000000
KTDIVNTTY	=	20000.00000000
VMPPRTLLL	=	20000.00000000
FSLPSSSSY	=	20000.00000000
FQMDYSLEY	=	20000.00000000
FVHSGFIYF	=	20000.00000000
KSYEHQTPF	=	20000.00000000
YTAVVPLVY	=	20000.00000000
IVHPPMLYM	=	20000.00000000
YLDDPDLKY	=	20000.00000000
YLYETYHLI	=	20000.00000000
YLYPWSLGL	=	20000.00000000
YMHGSIHEV	=	20000.00000000
YMPSVVETL	=	20000.00000000
YMRERFEPM	=	20000.00000000
YSFSRAYTL	=	20000.00000000
YSLEYFQFV	=	20000.00000000
YTENTSSYY	=	20000.00000000
YTFCGTIEY	=	20000.00000000
YTFEPHYFY	=	20000.00000000
YTPEQWWPF	=	20000.00000000
CTDDNALAY	=	20000.00000000
YLPDPTVGV	=	20000.00000000
TVYPKTHYV	=	20000.00000000
FMPESSYLL	=	20000.00000000
KLMPGSIYV	=	20000.00000000
