ISDSAQNMM	=	1.00000000
LLDKQQFEL	=	17.00000000
CSDETTLYY	=	30.00000000
FLPDKAIDL	=	47.00000000
FLADYGWRL	=	57.00000000
YLARNAVPV	=	203.00000000
FTMRLLSPV	=	316.00000000
ILDDNLYKV	=	379.00000000
GSDPRVTQL	<	500.00000000
ASDHAPHTL	<	500.00000000
IIDKSGAVV	<	500.00000000
AADFEIGHF	<	500.00000000
IIEQIQPAI	<	500.00000000
IIDKSGSEV	<	500.00000000
CTERQANFL	<	500.00000000
NADGKIISL	<	500.00000000
FAPDRVGAL	=	673.00000000
RIFPATHYV	=	20000.00000000
FSPEVIPMF	=	20000.00000000
STAPTGSWF	=	20000.00000000
KTDIVNTTY	=	20000.00000000
FSLPSSSSY	=	20000.00000000
KSYEHQTPF	=	20000.00000000
YLYETYHLI	=	20000.00000000
YMHGSIHEV	=	20000.00000000
YMPSVVETL	=	20000.00000000
YTPEQWWPF	=	20000.00000000
