YLDAIQQPV	=	1.00000000
ISDSAQNMM	=	1.00000000
ASDYSQGAF	=	1.00000000
FADINGKLY	=	1.00000000
LLDKQQFEL	=	17.00000000
FAMRLLQAV	=	17.00000000
FTDISMSLY	=	19.00000000
CSDETTLYY	=	30.00000000
FLPDKAIDL	=	47.00000000
FMQEIPTFL	=	54.00000000
FLADYGWRL	=	57.00000000
YAAPQLFPV	=	69.00000000
YLSSWTPVV	=	74.00000000
YVYPDNLPV	=	78.00000000
RLDARLQVL	=	82.00000000
VSDGGPNLY	=	86.00000000
FAYKTGSSM	=	90.00000000
YVTPRALEL	=	122.00000000
YTLNDAPYI	=	181.00000000
FSYNVAYAI	=	182.00000000
FATPAFFLI	=	198.00000000
YLARNAVPV	=	203.00000000
FMYEGDTPL	=	243.00000000
WTDLFDNKV	=	254.00000000
FTMRLLSPV	=	316.00000000
FVAEGDALV	=	327.00000000
ILDDNLYKV	=	379.00000000
MTSELAALI	=	415.00000000
YLPEVISTI	=	456.00000000
IVDKSGREL	<	500.00000000
AGDDAPRAV	<	500.00000000
GSDPRVTQL	<	500.00000000
IIDKSGATV	<	500.00000000
ASDHAPHTL	<	500.00000000
IIDKSGAVV	<	500.00000000
IIDKSGAYV	<	500.00000000
IIDKSGLAV	<	500.00000000
AADFEIGHF	<	500.00000000
IIDKSGRAV	<	500.00000000
IIEQIQPAI	<	500.00000000
IIDKSGSAV	<	500.00000000
IIDKSGSEV	<	500.00000000
ASDDGTVRI	<	500.00000000
IIDKSGSTV	<	500.00000000
IIDKSGGGV	<	500.00000000
IVDKSGRTL	<	500.00000000
IIDKSGEEV	<	500.00000000
YVDEHGTRL	<	500.00000000
RAEQATQDV	<	500.00000000
NADTVSSKL	<	500.00000000
CTERQANFL	<	500.00000000
NADAIVVKL	<	500.00000000
MADRGEARL	<	500.00000000
NADGKIISL	<	500.00000000
LLETPEGCL	<	500.00000000
TAEHPGTRL	<	500.00000000
TQDVKNWMT	<	500.00000000
TSDDVAKEF	<	500.00000000
VGDKPVSNF	<	500.00000000
VGDPHTVTV	<	500.00000000
VSDQANHVL	<	500.00000000
AADKIHSSF	<	500.00000000
AADGKGVVV	<	500.00000000
SADSKPIDV	<	500.00000000
LSDNLSLVY	=	552.00000000
YTDKIAMSY	=	651.00000000
FAPDRVGAL	=	673.00000000
YTTDVNQLY	=	1009.00000000
FVADYLARF	=	2770.00000000
IAPWYAFAL	=	3336.00000000
RLPAYAPLL	=	3682.00000000
YMKPGSSPL	=	4450.00000000
LLDEYRDYI	=	20000.00000000
FAADKDSLY	=	20000.00000000
MTFPVSLEY	=	20000.00000000
RAYRNALSM	=	20000.00000000
RIFPATHYV	=	20000.00000000
RVYAHVRSV	=	20000.00000000
FSPEVIPMF	=	20000.00000000
STAPTGSWF	=	20000.00000000
KTDIVNTTY	=	20000.00000000
VMPPRTLLL	=	20000.00000000
FMPKVNFEV	=	20000.00000000
FSLPSSSSY	=	20000.00000000
FQMDYSLEY	=	20000.00000000
YAYNSSLLY	=	20000.00000000
YLAPSYRNF	=	20000.00000000
KSYEHQTPF	=	20000.00000000
IVHPPMLYM	=	20000.00000000
YLDDPDLKY	=	20000.00000000
YLYETYHLI	=	20000.00000000
YLREHIRAM	=	20000.00000000
YLYPWSLGL	=	20000.00000000
YMHGSIHEV	=	20000.00000000
YMPSVVETL	=	20000.00000000
YMRERFEPM	=	20000.00000000
YSFSRAYTL	=	20000.00000000
YSLEYFQFV	=	20000.00000000
YTENTSSYY	=	20000.00000000
YTFCGTIEY	=	20000.00000000
YTFEPHYFY	=	20000.00000000
YTPEQWWPF	=	20000.00000000
YTVQGAGLM	=	20000.00000000
YMPDVLEKL	=	20000.00000000
TVYPKTHYV	=	20000.00000000
FMPESSYLL	=	20000.00000000
KLMPGSIYV	=	20000.00000000
MTDVDLNYY	=	20000.00000000
