YLDAIQQPV	=	1.00000000
FADINGKLY	=	1.00000000
FMQEIPTFL	=	54.00000000
RLDARLQVL	=	82.00000000
FAYKTGSSM	=	90.00000000
YVTPRALEL	=	122.00000000
YTLNDAPYI	=	181.00000000
FATPAFFLI	=	198.00000000
WTDLFDNKV	=	254.00000000
FVAEGDALV	=	327.00000000
YLPEVISTI	=	456.00000000
IIDKSGATV	<	500.00000000
IIDKSGAYV	<	500.00000000
IIDKSGSAV	<	500.00000000
NADTVSSKL	<	500.00000000
VGDPHTVTV	<	500.00000000
LLDEYRDYI	=	20000.00000000
FAADKDSLY	=	20000.00000000
RAYRNALSM	=	20000.00000000
VMPPRTLLL	=	20000.00000000
IVHPPMLYM	=	20000.00000000
YMRERFEPM	=	20000.00000000
YSFSRAYTL	=	20000.00000000
YSLEYFQFV	=	20000.00000000
YTFEPHYFY	=	20000.00000000
TVYPKTHYV	=	20000.00000000
KLMPGSIYV	=	20000.00000000
