QGFLVFHSF	<	1.00000000
SGFPAKVTAHW	=	1.29055100
KKYDVPLSW	=	1.82017000
AGFLGLGPW	=	2.01818830
VAVHVASGF	=	2.84542400
RQFPTAREF	=	3.77852600
LGGVAVGI	=	7.97243300
KGLGVNPTL	=	7.98646100
RQFPTAKEF	=	8.73822500
RQFETAFEF	=	10.82992700
RQFDTAFEF	=	14.90458600
SGKLKVPEW	=	18.92204300
RQFPTAMEF	=	22.09978000
KRGVFVLGF	=	22.77235242
RQFGTAFEF	=	28.92491700
RQFCTAFEF	=	32.67708900
RQFPTLFEF	=	32.83447600
RQFPTFFEF	=	34.26180800
KARLMAEAL	=	35.96185300
RQFPTAFTF	=	37.94855500
RQFPIAFEF	=	43.47917800
KQFPTAFEF	=	49.89215400
RQFPTAFEF	=	50.88812305
RSFPTAFEF	=	53.43935900
RQFPTAFQF	=	63.04144400
GGGNPLSAI	=	64.71173800
RQFATAFEF	=	79.82018800
RQFPPAFEF	=	98.57621700
RQVPTAFEF	=	103.46365500
TGYVATRW	=	106.22525700
KGSPAIFQY	=	108.62201270
RQFPTAFLF	=	110.73847600
RQFPLAFEF	=	122.70837300
VQFPTAFEF	=	149.54175900
RQFPTAFKF	=	165.45172500
RQFPTAFMF	=	179.24504600
RTFPTAFEF	=	223.34994800
SGGPKYEYRW	=	231.61588000
KGANFPGLA	=	248.51820100
SLYNTVCVI	=	313.92047000
RQKPTAFEF	=	344.34563500
IGFSTPEEK	=	345.98124500
RLFPTAFEF	=	391.28685900
SSDSGSGFW	=	396.59439200
LGMSLNFPI	=	408.00866570
RQLPTAFEF	=	432.13872100
SDSGSGFW	=	440.16163100
KEALAPVPI	=	486.49910700
IFQVWQRSW	=	491.50406900
KYMLKHVVW	=	569.48568600
KEYIPPLIW	=	803.90241800
RQFPTEFEF	=	879.17192600
SSDSGSGFWKA	=	1000.87915800
SDSGSGFWKAL	=	1033.91831500
RGPDAFRF	=	1150.09557400
IGDAYFSI	=	1269.07232200
KRWIAVPTW	=	1395.75659300
FGRNLLTAL	=	1407.71406100
HGVEFDFI	=	1547.04443900
WNNETWQEW	=	1599.47846600
RQNPTAFEF	=	1682.96754700
RDFPTAFEF	=	1740.86096700
ITWYSKNFW	=	1916.08857400
FRYCAPPGY	=	1985.97000000
QTSQWDDPW	=	3709.22970100
SESSDSGS	=	3773.66629000
TDYWQVTW	=	3860.31749100
TGGFFRPW	=	3975.28268600
DSGSGFWK	=	4674.73495000
MALYVLQAL	=	5654.46206900
RVYQILQPI	=	6270.36275500
VGNVYVKF	=	6290.12678400
DSGSGFWKA	=	6515.02149200
VFVLGFLGF	=	6586.83945300
ELLRLTVW	=	7805.99407600
SDSGSGFWKALT	=	8377.07816600
RQFPTAFEH	=	10056.47483000
KALFMHCKK	=	10461.74725000
GGGDPEVTF	=	13437.65616000
RQFPTAFEN	=	14538.63140000
RQFPTAFEE	=	26967.99450000
EQWWTDYW	=	27592.92131000
WEQWWTDYW	=	31555.98528000
PHFKVGWAW	=	31943.82825000
RKRRWRRRW	=	41594.51654000
YGPKVDIW	=	48399.82652000
KVAPAPAVV	=	62500.00000000
PQREPWDEW	=	66815.31048000
PLSPPPPPP	>	76923.07692000
MSLNFPIAK	>	76923.07692000
IGLAPTDVK	>	76923.07692000
EKDVWEQWW	>	76923.07692000
