KGFVRENVW	<	1.00000000
SSDSGSGFWKALTF	<	1.00000000
RGVEKPPHL	<	1.00000000
RGVFVLGF	<	1.00000000
AGVFVPRSF	<	1.00000000
KGAGTGGLGL	=	1.13623800
GFWKALTF	=	1.67528400
RAFPTAFEF	=	2.50345900
QGFPTIKIF	=	2.52556100
RGFAAPQFS	=	2.98787285
KGIGGNQEI	=	4.42554500
RGVFVLGFL	=	5.63482789
RQFPTPFEF	=	12.02162300
DSGSGFWKAL	=	12.59084900
RGGRWILAI	=	13.76497129
RQFPYAFEF	=	14.67193800
RQFPTHFEF	=	14.90155800
RQAPTAFEF	=	15.90998000
RQFVTAFEF	=	23.19931600
RQFPTAFYF	=	25.82618500
RMFPTAFEF	=	28.87495600
RQFPDAFEF	=	30.21302800
SQFPTAFEF	=	33.76907300
RQFRTAFEF	=	40.10488900
RQFFTAFEF	=	63.88983600
RQFSTAFEF	=	69.13515800
RQFITAFEF	=	79.72751700
TVFYGVPAW	=	86.62519293
RQFPTAFHF	=	114.52425100
RQFPTVFEF	=	124.39788300
AQFPTAFEF	=	125.57796000
RQFPTTFEF	=	132.52911100
IQFPTAFEF	=	156.51294600
RPFPTAFEF	=	161.26523700
RQFPTAFDF	=	170.95985000
QQFPTAFEF	=	180.49119000
RQFPTAWEF	=	185.31227800
FGAEVVPGF	=	189.74473300
RCFPTAFEF	=	196.27149600
RQFPTAAEF	=	210.85565900
IGKEAIVIW	=	275.39934790
GGGNSSWPW	=	288.15706310
FAAPQFSLW	=	306.93657400
AGVWSQDKW	=	308.79945100
DSGSGFWKALT	=	348.47000000
YQFPTAFEF	=	362.37564500
RQLIRLLTW	=	414.69490280
RIFPTAFEF	=	491.42699100
FGFNGTRAE	=	495.33364700
GSGFWKALT	=	574.08680600
RQFPTAFEI	=	749.44159300
VGPRWMEW	=	752.63000000
FQYTMRHVL	=	907.55461700
FGGKWKDAI	=	1108.70536700
WQFPTAFEF	=	1113.88552800
RWIAVPTW	=	1324.49784400
LGFLGFLAT	=	1335.68621300
KGGLEGIYY	=	1636.63184700
QGIRQVLF	=	1899.04153000
TALGMSLNF	=	2764.49911700
KVCYVPHF	=	3078.13140800
RQRPTAFEF	=	3657.68264600
AGYITDRGK	=	4054.74943000
HSTYFPCF	=	5270.03375900
SDSGSGFWK	=	5417.02731400
MGCLGNQLL	=	5494.50549500
RQFPTAFEA	=	6486.57311000
KDVWEQWW	=	6578.94736800
KGPGELLW	=	6920.45665400
ESSDSGSG	=	8202.76089300
DQFPTAFEF	=	10928.00969000
ARRAPPLQV	=	10970.86715000
YPKTFGWLW	=	11049.89240000
DGPKLKQW	=	11448.66912000
KVFDGIPPP	=	13620.89413000
AENRTYIYW	=	13838.99009000
TGDTPINIF	=	14116.27569000
FKVGWAWW	=	16507.71057000
LAIDMSHFI	=	16543.05557000
IDIIRGPIL	=	17198.12094000
FQWMGYELW	=	18833.78774000
RELIFQVW	=	20549.87341000
VGVLNWAAQ	=	22755.80310000
TWIPEWDFI	=	25819.88898000
LGRPDEEYW	=	34859.87823000
QGMSPSYVK	=	38676.95458000
YRYLCLIQK	=	46164.88746000
WAAQIYPGI	=	46524.21052000
IRILQRALF	=	48846.96340000
KSEIYVAW	=	58891.53355000
WKFDPTLAY	>	76923.07692000
TLAYTYEAY	>	76923.07692000
