AGIFPRLSF	<	1.00000000
SGFWKALTF	<	1.00000000
SGSGFWKALTF	<	1.00000000
GSGFWKALTF	<	1.00000000
RQFPTAPEF	=	1.78739100
RQFPFAFEF	=	4.22415400
RQFWTAFEF	=	4.74056900
RQFPCAFEF	=	8.34254400
RQFPKAFEF	=	9.77516800
SESSDSGSGFW	=	12.06841700
RQYPTAFEF	=	12.10057700
RQFYTAFEF	=	14.60640300
SGFIEAEVI	=	15.14698700
RQFQTAFEF	=	16.56432300
RQFPWAFEF	=	17.31502400
ESSDSGSGFW	=	18.17946300
RQFTTAFEF	=	19.17676600
RQFNTAFEF	=	19.74572700
SESSDSGSGFWK	=	21.67253500
RQFPTASEF	=	21.82672500
RQFPTAYEF	=	35.49619300
RQFPMAFEF	=	36.61564200
RQFMTAFEF	=	39.87583300
RQFHTAFEF	=	51.73079900
SESSDSGSGFWKAL	=	54.34525900
KGFSEEHNTW	=	60.47350700
IGVSHPLSI	=	63.32437300
RQFPTAGEF	=	63.51225800
RQGPTAFEF	=	70.34315400
RQFPSAFEF	=	70.90397600
SESSDSGSGFWKA	=	74.70539700
RQFLTAFEF	=	79.07368900
ESSDSGSGFWKALT	=	107.77858400
SSDSGSGFWKALT	=	109.53840000
RQFPTACEF	=	116.38067800
SGSGFWKAL	=	143.90502700
GQFPTAFEF	=	149.46501600
ESSDSGSGFWK	=	158.80094200
IGHRYIEVF	=	191.74371300
PRELIFQVW	=	200.55549000
AGAWGDLW	=	202.18816200
CQFPTAFEF	=	227.65256300
GSGFWKAL	=	256.99111100
RQFPTAFNF	=	277.81636600
RQFPTAFRF	=	285.24382300
TGRQTALFL	=	307.20094600
GGNSSWPW	=	325.61225300
LKNYMQLGK	=	446.26601800
LQFPTAFEF	=	498.82577400
EGHGAGGW	=	636.31619300
YGIYCTLYV	=	648.34044190
ESSDSGSGF	=	670.96973500
RQSPTAFEF	=	979.97666500
YGVYIVVGV	=	988.98423200
VAYRPISA	=	1455.24786300
RQFPTAFEC	=	1616.14802900
RQFPTAFEM	=	1713.85457700
TQTSTWFGF	=	2229.11365200
GNWFDLASW	=	2344.29839600
KMVAWWAGI	=	2616.42206900
CKFNMTGLK	=	2625.40450800
REFPTAFEF	=	2628.75873200
NQFPTAFEF	=	2787.99332100
IRYPKTFGW	=	3189.16779900
LTYLQYGW	=	3861.03264000
NSWDVFGNW	=	5468.72190700
QVTWIPEW	=	5956.00577600
QEVKMVAWW	=	6388.64158500
KKCCYHCQF	=	6416.71962700
DGYSQSPGG	=	6660.74863000
RQFPTAFER	=	7485.86039900
SGSGFWKALT	=	8460.61235100
RQFPTAFEK	=	8899.53074000
FQVWQRSW	=	10446.17891000
RGGCIHSRI	=	11124.49149000
KGEGAVILK	=	14437.71948000
NWFDLASW	=	16630.71125000
RQFPTAFES	=	19117.97782000
RRWQQLLAL	=	23907.04914000
PVGNIYRRW	=	24411.95929000
RGLLNMADK	=	25083.89325000
SSVDEQIQW	=	25657.90029000
GDPEVTFMW	=	25863.03001000
YGWSYFHE	=	36211.55803000
WQRSWEYW	=	38291.97905000
RQFPTAFEQ	=	40000.00000000
AGSAMGAAS	=	43643.57805000
RQFPTAFEP	=	62500.00000000
RGLRMAKQN	=	62994.07884000
SQFILRLPP	>	76923.07692000
KIRLRPNGK	>	76923.07692000
AVYKPPKV	>	90909.09091000
