RQFPGAFEF	<	1.00000000
SDSGSGFWKALTF	<	1.00000000
RGETYGRLL	=	1.03519200
YGFSDPLTF	=	1.18813527
QGQYMNTPW	=	4.35201193
RGAGTGGLGL	=	4.79505700
SGYEGRVPL	=	4.81636300
SQVPPPSGF	=	5.39033800
RGTKVILHL	=	7.10421100
STYAVRITW	=	8.82379300
RQFPQAFEF	=	10.09590100
RQFPTAFSF	=	13.66066100
RQFPTAQEF	=	14.40735600
RQFPTAFPF	=	18.76383500
RQFPTALEF	=	19.73139700
RQFPTAFAF	=	22.90144000
SGFWKALT	=	41.38872900
RQFPTAHEF	=	44.26134500
RQIPTAFEF	=	49.78106500
KGFTDADNTW	=	53.20275800
SSDSGSGFWK	=	60.87239700
RQFKTAFEF	=	68.05623000
GGNYVHLPL	=	72.84751400
RQFPTMFEF	=	81.99219800
MQFPTAFEF	=	87.27761200
AQYSPQQL	=	90.04665100
GQYMNTPW	=	93.59980400
RQFPVAFEF	=	94.12236000
RQFPTAFVF	=	100.14800800
RQFPTQFEF	=	102.61331000
RQFPTRFEF	=	112.17542900
RQFPTATEF	=	115.72229500
RYFPTAFEF	=	133.60699400
ETIGEAFEW	=	158.17539800
RQFPTKFEF	=	159.84459900
RGFPTAFEF	=	185.43029800
RQFPTCFEF	=	206.47392300
RQFPTAEEF	=	206.53023700
RQFPTADEF	=	228.39698700
RKFPTAFEF	=	235.36925200
RRFPTAFEF	=	260.90440700
HQFPTAFEF	=	315.43986600
RQFPTNFEF	=	344.72244300
SSDSGSGFWKAL	=	380.27421100
FQFPTAFEF	=	404.81593500
KIVGGIGGF	=	418.83000000
RQFPTYFEF	=	440.60744100
RNFPTAFEF	=	478.03943600
KHYWDAIRF	=	525.36162240
LGNQLLIAI	=	650.93283300
RQWPTAFEF	=	654.29782900
MGYELWPTK	=	753.81480700
RQFPTAFEY	=	835.03645700
RWFPTAFEF	=	853.95882100
GGNYPVQQI	=	1152.03092000
QGYRPVFSS	=	1161.22064800
AASRPPVTL	=	1302.15287800
TQFPTAFEF	=	1543.39245200
RRRLTARGL	=	2003.25645800
RQCPTAFEF	=	2197.74381100
SSDSGSGF	=	2449.26821200
LHSTYFPCF	=	2513.70563800
NVTESFDAW	=	2593.76477800
RQEPTAFEF	=	2987.60474700
HGRDNRTII	=	3407.52778600
PQFPTAFEF	=	4070.35773100
RQDPTAFEF	=	4494.93817900
IRLLTWLF	=	4647.17463300
LAGAWGDLW	=	5000.56259500
WGEVLAWKF	=	6277.64820600
RQQPTAFEF	=	6558.82258200
WMYRQQNPI	=	7070.71428500
QIEYIHFLI	=	7493.21235100
YGWSYFHEA	=	8638.68425600
RGPSCGSAK	=	8837.45719900
CKMNWFLNW	=	8946.51254400
TGRQTALF	=	9050.60767800
VWQRSWEYW	=	12373.06222000
KMNWFLNW	=	12434.11828000
HFKVGWAW	=	13353.14515000
PKTFGWLW	=	16692.05245000
QGVGGPGQK	=	17578.28980000
RQFPTAFED	=	18367.95896000
YMLKHVVW	=	18585.80404000
GENPTWKQW	=	23215.68531000
EGPQYWEW	=	31710.85721000
RQFPTAFET	=	34020.69087000
AAMQIIRDI	=	57536.95827000
LGKRIKGTI	=	60638.13714000
GQTGNRGPP	>	76923.07692000
