LGIPHPAGL	<	1.00000000
DSGSGFWKALTF	<	1.00000000
KAVATAPGL	<	1.00000000
AGFRALGLF	<	1.00000000
ESSDSGSGFWKALTF	<	1.00000000
KGYGLGSGISLF	<	1.00000000
IGYPKPALL	<	1.00000000
VGLGPALEF	=	1.25255600
SESSDSGSGF	=	1.54436300
RQFPHAFEF	=	5.71670600
QGWKGSPAI	=	6.74850900
KQYADVEGF	=	11.14290100
RQFPTAFGF	=	15.09851900
RQFPTAIEF	=	15.68103000
RQFPAAFEF	=	15.75745200
RQFPTAFEW	=	16.91913500
QGIRQVLFL	=	17.35972038
AGAAALRPFA	=	19.50546500
IQFRLPDGSSF	=	26.42420600
SESSDSGSGFWKALT	=	30.17758800
RGFAAPQF	=	33.12356000
SGFMPKCSK	=	46.73280800
SESSDSGSG	=	55.24451600
QGYWHLTPE	=	55.65692600
RQFPTWFEF	=	56.41279300
RQFPEAFEF	=	56.59045500
RQFPTAFFF	=	65.57399600
RQFPNAFEF	=	72.50454100
KGWLSTYAV	=	88.48072781
RQFPTANEF	=	90.67652000
ESSDSGSGFWKAL	=	90.79018700
ESSDSGSGFWKA	=	99.46839900
RQFPTSFEF	=	102.43099200
RFFPTAFEF	=	121.09335400
RHFPTAFEF	=	122.42551800
RQFPTIFEF	=	139.56475500
RQFPTAFCF	=	140.06351500
RQFPRAFEF	=	142.04290200
RQFPTAFIF	=	150.20385900
RQMPTAFEF	=	162.14649700
WQVTWIPEW	=	172.42915300
GGFFRPWSM	=	172.71484700
AGRWPITHL	=	181.31373200
LGRPDAEYW	=	196.52641100
RQFPTAFWF	=	204.06257900
RQFPTGFEF	=	212.87994500
WTDYWQVTW	=	218.60432700
LGFLATAGS	=	414.55513600
PGIRYPKTF	=	443.87000000
RQFPTDFEF	=	530.87590800
RQFPTAFEL	=	554.75396700
RQTPTAFEF	=	610.41871200
FQKDPPFQW	=	916.60414600
RVFPTAFEF	=	921.09385500
RQHPTAFEF	=	1031.50903800
RQFPTAVEF	=	1043.79413800
RQFPTAFEG	=	1332.07644600
WKGPGELLW	=	1723.72900000
VKYRYLCLI	=	1811.87046900
RQPPTAFEF	=	1931.76943900
RGDKQRGGK	=	2004.48175000
TFLRPPKV	=	2122.51565600
QTGGFFRPW	=	2209.41114600
RMYNPTNIL	=	2332.77120300
LSTYAVRI	=	2491.15835300
NGFQEETW	=	2671.13791500
EQFPTAFEF	=	2723.83521000
YLQYGWSYF	=	3238.27226600
HFKVGWAWW	=	3515.03077300
TIGEAFEW	=	4125.19350200
QLIRLLTW	=	4842.74277600
VGNIYRRW	=	6498.29264300
YGIYCTLY	=	6706.37790500
LIRLLTWLF	=	7597.55597800
SGSGFWKA	=	8419.18700900
KKSEIYVAW	=	9326.39342000
DPWGEVLAW	=	9437.83349600
RQFPTAFEV	=	9975.09336100
SDSGSGFWKA	=	12315.97127000
YKVLPQGW	=	15642.19448000
RQYPWGTVQV	=	16116.45928000
ENRTYIYW	=	17182.63520000
RQYPWGVVQV	=	19910.98495000
QKDPPFQW	=	26802.81337000
DPEVTFMW	=	30151.13446000
EGPQREPW	=	30628.19459000
RFYKSLRAE	=	34629.62903000
RGGNYPVQQ	=	37641.44116000
AIEDVWQLF	=	40476.18319000
SGDLRQRLL	=	48112.52243000
TGTTETMPK	>	76923.07692000
YELWPTKW	>	90909.09091000
