FLPSDFFPSV	=	2.26666667
YLVKYQATV	=	4.20000000
FVPSDYFPSV	=	4.20000000
YLVAYQATL	=	4.20000000
RLFPGLTIKI	=	4.30000000
FLPSDYFPSV	=	4.69009177
YLVAYQAKV	=	5.31434667
IVGAETFYV	=	6.66666667
YLKAYQATV	=	6.90846667
FLPKDYFPSV	=	7.04972667
FLPSKYFPSV	=	7.12222333
ILKEPVHGV	=	9.26666667
AMAKAAAAV	=	10.00000000
YLVAYQATV	=	10.77810841
FLPSDKFPSV	=	10.85000000
KLPSDYFPSV	=	11.98146667
YVVAYQATV	=	11.98146667
YTVAYQATV	=	12.78236667
YLVAYQATI	=	14.24443333
KLVALGINAV	=	14.72135800
FLKSDYFPSV	=	15.97530000
FLPSDYFPSL	=	16.71283333
FTPSDYFPSV	=	17.13333333
YLVAYKATV	=	17.97223333
YIVAYQATV	=	17.97223333
ALAKAAAAV	=	18.72233925
YLVAKQATV	=	18.79856667
LLGRNSFEV	=	19.00000000
ATAKAAAAV	=	21.66666667
ALAKAAAAL	=	22.77343578
FLPSDYFPSI	=	22.77720000
FLPSDYFPKV	=	23.92963333
AVAKAAAAV	=	24.67651854
YLVAYQKTV	=	30.83810000
AIAKAAAAV	=	43.89708847
ALAKAAAAI	=	55.71963538
YLHTLWKAGI	=	57.00000000
ALAKAAAAM	=	73.80781320
ALAKAAAAA	=	96.00000000
AAAKAAAAV	=	159.91078167
YLVAYQATT	=	252.98033333
ASAKAAAAV	=	390.96966667
YLVAYQATF	=	430.00000000
FLPSDYFPSP	=	430.00000000
FLPSDYFPSF	=	430.00000000
YLVAYQATK	=	430.00000000
FLPSDYKPSV	=	430.00000000
FPPSDYFPSV	=	430.00000000
FLPSDYFPSD	=	430.00000000
YLVAYQATP	=	430.00000000
FFPSDYFPSV	=	430.00000000
YPVAYQATV	=	430.00000000
ACAKAAAAV	=	430.00000000
FKPSDYFPSV	=	430.00000000
ALAKAAAAF	=	430.00000000
YFVAYQATV	=	430.00000000
ALAKAAAAP	=	430.00000000
ANAKAAAAV	=	430.00000000
ALAKAAAAY	=	430.00000000
YDVAYQATV	=	430.00000000
ALAKAAAAT	=	430.00000000
ALAKAAAAS	=	430.00000000
APAKAAAAV	=	430.00000000
AGAKAAAAV	=	430.00000000
AKAKAAAAV	=	430.00000000
ALAKAAAAG	=	430.00000000
AFAKAAAAV	=	430.00000000
YGILGFVFTL	<	500.00000000
FAYDGKDYI	<	500.00000000
AVPDEIPPL	<	500.00000000
SQGFPWDILF	=	3115.00000000
QGFPWDLLF	=	3405.00000000
KVFPYALINK	>	5000.00000000
FPWDMLFPA	=	5735.00000000
RGFPWDILF	=	7951.00000000
VKSMILHEIL	=	8397.06634900
FPWDILFPA	=	9365.00000000
QGFPWDMLF	=	9478.00000000
ADAKAAAAV	=	10000.00000000
EADPTGHSY	=	10000.00000000
LLPIFFCLWV	=	10000.00000000
DPKVKQWPL	=	10000.00000000
ALAKAAAAR	=	10000.00000000
STLPETTVVRR	=	10000.00000000
QVPLRPMTYK	=	10000.00000000
ALAKAAAAN	=	10000.00000000
TVKSMILHEIL	=	10765.17686000
FPWDILFPS	=	11715.00000000
MWAQDAAM	=	16966.41531000
TLGIVCPI	=	20000.00000000
LQTTIHDII	=	21000.00000000
AEMWAQDAA	=	30013.37119000
DRGFPWDILF	=	50000.00000000
FPWDILFPT	=	50000.00000000
EMWAQDAAM	=	55081.58116000
WAQDAAMY	>	70422.53521000
AEMWAQDAAM	>	70422.53521000
MWAQDAAMY	>	70422.53521000
AEMWAQDA	>	70422.53521000
YMLDLQPETT	=	100000.00000000
YLEPAIAKY	=	100000.00000000
