RLFPGLTIKI	=	4.30000000
FLPKDYFPSV	=	7.04972667
YTVAYQATV	=	12.78236667
FLPSDYFPSI	=	22.77720000
ALAKAAAAI	=	55.71963538
YLHTLWKAGI	=	57.00000000
YLVAYQATT	=	252.98033333
ASAKAAAAV	=	390.96966667
YLVAYQATF	=	430.00000000
FLPSDYKPSV	=	430.00000000
FLPSDYFPSD	=	430.00000000
FFPSDYFPSV	=	430.00000000
FKPSDYFPSV	=	430.00000000
YFVAYQATV	=	430.00000000
ANAKAAAAV	=	430.00000000
APAKAAAAV	=	430.00000000
AFAKAAAAV	=	430.00000000
YGILGFVFTL	<	500.00000000
KVFPYALINK	>	5000.00000000
QGFPWDMLF	=	9478.00000000
QVPLRPMTYK	=	10000.00000000
TVKSMILHEIL	=	10765.17686000
FPWDILFPS	=	11715.00000000
DRGFPWDILF	=	50000.00000000
WAQDAAMY	>	70422.53521000
YMLDLQPETT	=	100000.00000000
