YLVAYQAKV	=	5.31434667
IVGAETFYV	=	6.66666667
YLKAYQATV	=	6.90846667
ILKEPVHGV	=	9.26666667
FLPSDKFPSV	=	10.85000000
YLVAYQATI	=	14.24443333
KLVALGINAV	=	14.72135800
YLVAYKATV	=	17.97223333
YIVAYQATV	=	17.97223333
YLVAKQATV	=	18.79856667
LLGRNSFEV	=	19.00000000
FLPSDYFPKV	=	23.92963333
FLPSDYFPSF	=	430.00000000
YPVAYQATV	=	430.00000000
AGAKAAAAV	=	430.00000000
FAYDGKDYI	<	500.00000000
AVPDEIPPL	<	500.00000000
SQGFPWDILF	=	3115.00000000
VKSMILHEIL	=	8397.06634900
LLPIFFCLWV	=	10000.00000000
LQTTIHDII	=	21000.00000000
FPWDILFPT	=	50000.00000000
EMWAQDAAM	=	55081.58116000
AEMWAQDA	>	70422.53521000
