FLPSDFFPSV	=	2.26666667
YLVKYQATV	=	4.20000000
FLPSKYFPSV	=	7.12222333
AMAKAAAAV	=	10.00000000
KLPSDYFPSV	=	11.98146667
FLPSDYFPSL	=	16.71283333
FTPSDYFPSV	=	17.13333333
ALAKAAAAV	=	18.72233925
AVAKAAAAV	=	24.67651854
YLVAYQKTV	=	30.83810000
AIAKAAAAV	=	43.89708847
AAAKAAAAV	=	159.91078167
YLVAYQATP	=	430.00000000
ALAKAAAAF	=	430.00000000
ALAKAAAAP	=	430.00000000
ALAKAAAAY	=	430.00000000
ALAKAAAAS	=	430.00000000
ALAKAAAAG	=	430.00000000
QGFPWDLLF	=	3405.00000000
FPWDMLFPA	=	5735.00000000
ADAKAAAAV	=	10000.00000000
EADPTGHSY	=	10000.00000000
STLPETTVVRR	=	10000.00000000
ALAKAAAAN	=	10000.00000000
MWAQDAAM	=	16966.41531000
TLGIVCPI	=	20000.00000000
