WLSLLVPFV	=	4.00000000
YQVAYQATV	=	4.20000000
FVPSDYFPSV	=	4.20000000
YLVAYQATL	=	4.20000000
RLFPGLTIKI	=	4.30000000
FLPSDYFPSV	=	4.69009177
FIPSYDFPSV	=	5.18130000
YLVAYQAKV	=	5.31434667
LLFGYPVYV	=	5.80000000
IVGAETFYV	=	6.66666667
YLKAYQATV	=	6.90846667
FLPKDYFPSV	=	7.04972667
ILKEPVHGV	=	9.26666667
YLVAYQATV	=	10.77810841
FLPSDKFPSV	=	10.85000000
YVVAYQATV	=	11.98146667
YTVAYQATV	=	12.78236667
YLVAYQATI	=	14.24443333
KLVALGINAV	=	14.72135800
FLKSDYFPSV	=	15.97530000
YLVAYKATV	=	17.97223333
YIVAYQATV	=	17.97223333
YLVAKQATV	=	18.79856667
LLGRNSFEV	=	19.00000000
ATAKAAAAV	=	21.66666667
ALAKAAAAL	=	22.77343578
FLPSDYFPSI	=	22.77720000
KLVAYQATV	=	22.77720000
FLPSDYFPKV	=	23.92963333
ALAKAAAAI	=	55.71963538
FLPSDYFKSV	=	56.72630000
YLHTLWKAGI	=	57.00000000
FQPSDYFPSV	=	58.10270000
ALAKAAAAM	=	73.80781320
RLFPGLAIKI	=	90.00000000
ALAKAAAAA	=	96.00000000
FLPSDYFPST	=	195.31833333
YLVAYQATT	=	252.98033333
ASAKAAAAV	=	390.96966667
TVKSMILHEI	=	415.16143300
FDPSDYFPSV	=	430.00000000
FLPSDYFPSK	=	430.00000000
YLVAYQATF	=	430.00000000
FLPSDYFPSP	=	430.00000000
FLPSDYFPSQ	=	430.00000000
FLPSDYFPSF	=	430.00000000
YLVAYQATK	=	430.00000000
FLPSDYKPSV	=	430.00000000
FPPSDYFPSV	=	430.00000000
FLPSDYFPSD	=	430.00000000
YLVAYQATQ	=	430.00000000
FFPSDYFPSV	=	430.00000000
YPVAYQATV	=	430.00000000
ACAKAAAAV	=	430.00000000
FKPSDYFPSV	=	430.00000000
YFVAYQATV	=	430.00000000
ANAKAAAAV	=	430.00000000
YDVAYQATV	=	430.00000000
ALAKAAAAT	=	430.00000000
APAKAAAAV	=	430.00000000
AGAKAAAAV	=	430.00000000
AKAKAAAAV	=	430.00000000
ALAKAAAAC	=	430.00000000
YLVAYQATD	=	430.00000000
YKVAYQATV	=	430.00000000
AFAKAAAAV	=	430.00000000
YGILGFVFTL	<	500.00000000
FLPSDCFPSV	<	500.00000000
FAYDGKDYI	<	500.00000000
AVPDEIPPL	<	500.00000000
SQGFPWDILF	=	3115.00000000
FPWDLLFPA	=	4161.00000000
VKSMILHEI	=	4594.17503900
KVFPYALINK	>	5000.00000000
SLYNTVATL	>	5000.00000000
NQGIPWDILF	=	7171.00000000
RGFPWDILF	=	7951.00000000
VKSMILHEIL	=	8397.06634900
FPWDILFPA	=	9365.00000000
QGFPWDMLF	=	9478.00000000
QGFPWDILF	=	9633.00000000
LLPIFFCLWV	=	10000.00000000
DPKVKQWPL	=	10000.00000000
ALAKAAAAR	=	10000.00000000
QVPLRPMTYK	=	10000.00000000
TVKSMILHEIL	=	10765.17686000
FPWDILFPS	=	11715.00000000
LQTTIHDII	=	21000.00000000
AEMWAQDAA	=	30013.37119000
DRGFPWDILF	=	50000.00000000
FPWDILFPT	=	50000.00000000
EMWAQDAAM	=	55081.58116000
EMWAQDAAMY	>	70422.53521000
WAQDAAMY	>	70422.53521000
AEMWAQDAAM	>	70422.53521000
EMWAQDAA	>	70422.53521000
AEMWAQDAAMY	>	70422.53521000
MWAQDAAMY	>	70422.53521000
AEMWAQDA	>	70422.53521000
YMLDLQPETT	=	100000.00000000
YLEPAIAKY	=	100000.00000000
