WLSLLVPFV	=	4.00000000
YQVAYQATV	=	4.20000000
FIPSYDFPSV	=	5.18130000
LLFGYPVYV	=	5.80000000
KLVAYQATV	=	22.77720000
FLPSDYFKSV	=	56.72630000
FQPSDYFPSV	=	58.10270000
RLFPGLAIKI	=	90.00000000
FLPSDYFPST	=	195.31833333
TVKSMILHEI	=	415.16143300
FDPSDYFPSV	=	430.00000000
FLPSDYFPSK	=	430.00000000
FLPSDYFPSQ	=	430.00000000
YLVAYQATQ	=	430.00000000
ALAKAAAAC	=	430.00000000
YLVAYQATD	=	430.00000000
YKVAYQATV	=	430.00000000
FLPSDCFPSV	<	500.00000000
FPWDLLFPA	=	4161.00000000
VKSMILHEI	=	4594.17503900
SLYNTVATL	>	5000.00000000
NQGIPWDILF	=	7171.00000000
QGFPWDILF	=	9633.00000000
EMWAQDAAMY	>	70422.53521000
EMWAQDAA	>	70422.53521000
AEMWAQDAAMY	>	70422.53521000
