FVPSDYFPSV	=	4.20000000
YLVAYQATL	=	4.20000000
FLPSDYFPSV	=	4.69009177
YLVAYQATV	=	10.77810841
YVVAYQATV	=	11.98146667
FLKSDYFPSV	=	15.97530000
ATAKAAAAV	=	21.66666667
ALAKAAAAL	=	22.77343578
ALAKAAAAM	=	73.80781320
ALAKAAAAA	=	96.00000000
FLPSDYFPSP	=	430.00000000
YLVAYQATK	=	430.00000000
FPPSDYFPSV	=	430.00000000
ACAKAAAAV	=	430.00000000
YDVAYQATV	=	430.00000000
ALAKAAAAT	=	430.00000000
AKAKAAAAV	=	430.00000000
RGFPWDILF	=	7951.00000000
FPWDILFPA	=	9365.00000000
DPKVKQWPL	=	10000.00000000
ALAKAAAAR	=	10000.00000000
AEMWAQDAA	=	30013.37119000
AEMWAQDAAM	>	70422.53521000
MWAQDAAMY	>	70422.53521000
YLEPAIAKY	=	100000.00000000
