FLPSDFFPSV	=	2.26666667
WLSLLVPFV	=	4.00000000
YQVAYQATV	=	4.20000000
YLVKYQATV	=	4.20000000
FVPSDYFPSV	=	4.20000000
YLVAYQATL	=	4.20000000
FLPSDYFPSV	=	4.69009177
FIPSYDFPSV	=	5.18130000
YLVAYQAKV	=	5.31434667
LLFGYPVYV	=	5.80000000
IVGAETFYV	=	6.66666667
YLKAYQATV	=	6.90846667
FLPSKYFPSV	=	7.12222333
ILKEPVHGV	=	9.26666667
AMAKAAAAV	=	10.00000000
YLVAYQATV	=	10.77810841
FLPSDKFPSV	=	10.85000000
KLPSDYFPSV	=	11.98146667
YVVAYQATV	=	11.98146667
YLVAYQATI	=	14.24443333
KLVALGINAV	=	14.72135800
FLKSDYFPSV	=	15.97530000
FLPSDYFPSL	=	16.71283333
FTPSDYFPSV	=	17.13333333
YLVAYKATV	=	17.97223333
YIVAYQATV	=	17.97223333
ALAKAAAAV	=	18.72233925
YLVAKQATV	=	18.79856667
LLGRNSFEV	=	19.00000000
ATAKAAAAV	=	21.66666667
ALAKAAAAL	=	22.77343578
KLVAYQATV	=	22.77720000
FLPSDYFPKV	=	23.92963333
AVAKAAAAV	=	24.67651854
YLVAYQKTV	=	30.83810000
AIAKAAAAV	=	43.89708847
FLPSDYFKSV	=	56.72630000
FQPSDYFPSV	=	58.10270000
ALAKAAAAM	=	73.80781320
RLFPGLAIKI	=	90.00000000
ALAKAAAAA	=	96.00000000
AAAKAAAAV	=	159.91078167
FLPSDYFPST	=	195.31833333
TVKSMILHEI	=	415.16143300
FDPSDYFPSV	=	430.00000000
FLPSDYFPSK	=	430.00000000
FLPSDYFPSP	=	430.00000000
FLPSDYFPSQ	=	430.00000000
FLPSDYFPSF	=	430.00000000
YLVAYQATK	=	430.00000000
FPPSDYFPSV	=	430.00000000
YLVAYQATQ	=	430.00000000
YLVAYQATP	=	430.00000000
YPVAYQATV	=	430.00000000
ACAKAAAAV	=	430.00000000
ALAKAAAAF	=	430.00000000
ALAKAAAAP	=	430.00000000
ALAKAAAAY	=	430.00000000
YDVAYQATV	=	430.00000000
ALAKAAAAT	=	430.00000000
ALAKAAAAS	=	430.00000000
AGAKAAAAV	=	430.00000000
AKAKAAAAV	=	430.00000000
ALAKAAAAC	=	430.00000000
YLVAYQATD	=	430.00000000
YKVAYQATV	=	430.00000000
ALAKAAAAG	=	430.00000000
FLPSDCFPSV	<	500.00000000
FAYDGKDYI	<	500.00000000
AVPDEIPPL	<	500.00000000
SQGFPWDILF	=	3115.00000000
QGFPWDLLF	=	3405.00000000
FPWDLLFPA	=	4161.00000000
VKSMILHEI	=	4594.17503900
SLYNTVATL	>	5000.00000000
FPWDMLFPA	=	5735.00000000
NQGIPWDILF	=	7171.00000000
RGFPWDILF	=	7951.00000000
VKSMILHEIL	=	8397.06634900
FPWDILFPA	=	9365.00000000
QGFPWDILF	=	9633.00000000
ADAKAAAAV	=	10000.00000000
EADPTGHSY	=	10000.00000000
LLPIFFCLWV	=	10000.00000000
DPKVKQWPL	=	10000.00000000
ALAKAAAAR	=	10000.00000000
STLPETTVVRR	=	10000.00000000
ALAKAAAAN	=	10000.00000000
MWAQDAAM	=	16966.41531000
TLGIVCPI	=	20000.00000000
LQTTIHDII	=	21000.00000000
AEMWAQDAA	=	30013.37119000
FPWDILFPT	=	50000.00000000
EMWAQDAAM	=	55081.58116000
EMWAQDAAMY	>	70422.53521000
AEMWAQDAAM	>	70422.53521000
EMWAQDAA	>	70422.53521000
AEMWAQDAAMY	>	70422.53521000
MWAQDAAMY	>	70422.53521000
AEMWAQDA	>	70422.53521000
YLEPAIAKY	=	100000.00000000
