FLPSDFFPSV	=	2.26666667
WLSLLVPFV	=	4.00000000
YQVAYQATV	=	4.20000000
YLVKYQATV	=	4.20000000
FVPSDYFPSV	=	4.20000000
YLVAYQATL	=	4.20000000
RLFPGLTIKI	=	4.30000000
FLPSDYFPSV	=	4.69009177
FIPSYDFPSV	=	5.18130000
LLFGYPVYV	=	5.80000000
FLPKDYFPSV	=	7.04972667
FLPSKYFPSV	=	7.12222333
AMAKAAAAV	=	10.00000000
YLVAYQATV	=	10.77810841
KLPSDYFPSV	=	11.98146667
YVVAYQATV	=	11.98146667
YTVAYQATV	=	12.78236667
FLKSDYFPSV	=	15.97530000
FLPSDYFPSL	=	16.71283333
FTPSDYFPSV	=	17.13333333
ALAKAAAAV	=	18.72233925
ATAKAAAAV	=	21.66666667
ALAKAAAAL	=	22.77343578
FLPSDYFPSI	=	22.77720000
KLVAYQATV	=	22.77720000
AVAKAAAAV	=	24.67651854
YLVAYQKTV	=	30.83810000
AIAKAAAAV	=	43.89708847
ALAKAAAAI	=	55.71963538
FLPSDYFKSV	=	56.72630000
YLHTLWKAGI	=	57.00000000
FQPSDYFPSV	=	58.10270000
ALAKAAAAM	=	73.80781320
RLFPGLAIKI	=	90.00000000
ALAKAAAAA	=	96.00000000
AAAKAAAAV	=	159.91078167
FLPSDYFPST	=	195.31833333
YLVAYQATT	=	252.98033333
ASAKAAAAV	=	390.96966667
TVKSMILHEI	=	415.16143300
FDPSDYFPSV	=	430.00000000
FLPSDYFPSK	=	430.00000000
YLVAYQATF	=	430.00000000
FLPSDYFPSP	=	430.00000000
FLPSDYFPSQ	=	430.00000000
YLVAYQATK	=	430.00000000
FLPSDYKPSV	=	430.00000000
FPPSDYFPSV	=	430.00000000
FLPSDYFPSD	=	430.00000000
YLVAYQATQ	=	430.00000000
YLVAYQATP	=	430.00000000
FFPSDYFPSV	=	430.00000000
ACAKAAAAV	=	430.00000000
FKPSDYFPSV	=	430.00000000
ALAKAAAAF	=	430.00000000
YFVAYQATV	=	430.00000000
ALAKAAAAP	=	430.00000000
ANAKAAAAV	=	430.00000000
ALAKAAAAY	=	430.00000000
YDVAYQATV	=	430.00000000
ALAKAAAAT	=	430.00000000
ALAKAAAAS	=	430.00000000
APAKAAAAV	=	430.00000000
AKAKAAAAV	=	430.00000000
ALAKAAAAC	=	430.00000000
YLVAYQATD	=	430.00000000
YKVAYQATV	=	430.00000000
ALAKAAAAG	=	430.00000000
AFAKAAAAV	=	430.00000000
YGILGFVFTL	<	500.00000000
FLPSDCFPSV	<	500.00000000
QGFPWDLLF	=	3405.00000000
FPWDLLFPA	=	4161.00000000
VKSMILHEI	=	4594.17503900
KVFPYALINK	>	5000.00000000
SLYNTVATL	>	5000.00000000
FPWDMLFPA	=	5735.00000000
NQGIPWDILF	=	7171.00000000
RGFPWDILF	=	7951.00000000
FPWDILFPA	=	9365.00000000
QGFPWDMLF	=	9478.00000000
QGFPWDILF	=	9633.00000000
ADAKAAAAV	=	10000.00000000
EADPTGHSY	=	10000.00000000
DPKVKQWPL	=	10000.00000000
ALAKAAAAR	=	10000.00000000
STLPETTVVRR	=	10000.00000000
QVPLRPMTYK	=	10000.00000000
ALAKAAAAN	=	10000.00000000
TVKSMILHEIL	=	10765.17686000
FPWDILFPS	=	11715.00000000
MWAQDAAM	=	16966.41531000
TLGIVCPI	=	20000.00000000
AEMWAQDAA	=	30013.37119000
DRGFPWDILF	=	50000.00000000
EMWAQDAAMY	>	70422.53521000
WAQDAAMY	>	70422.53521000
AEMWAQDAAM	>	70422.53521000
EMWAQDAA	>	70422.53521000
AEMWAQDAAMY	>	70422.53521000
MWAQDAAMY	>	70422.53521000
YMLDLQPETT	=	100000.00000000
YLEPAIAKY	=	100000.00000000
