GSSLQSKHRK	=	13.74462912
YVFPVIFSR	=	36.48215000
VTGGVFLVDK	=	59.72564600
YVFPVIFSK	=	60.57043200
FSQFSRGNYR	=	60.68542600
KSINKVYGK	=	61.64563700
SAICSVVRR	=	160.50562900
FTSAICSVVR	=	213.15566800
TSAICSVVR	=	213.91872700
QAFTFSPTY	=	269.34365400
KVFPKALINK	<	500.00000000
YTAVKPLVY	<	500.00000000
YPVARQRPGL	=	580.84035200
ASPLHVAWR	=	734.87978100
QSQQGHLARR	=	790.60231500
LVNHYFQTR	=	807.69044700
ASTNRQSGR	=	866.85817200
NSARSQSER	=	902.60851900
YTAVVPLVY	=	1053.26967100
TSFVYVPSA	=	1724.07257900
LVMGHQRMR	=	1768.32594300
PGYRWMCLR	=	2217.15111625
SSSGTVNPV	=	2387.34233700
SVPSHLPDR	=	3482.55624000
TLPETTVVRR	=	4807.87011700
FTFSPTYKA	=	5856.42487800
KPCSDYCLSL	=	5992.08608500
GHTTNFASK	=	6210.34162500
SRPLLRLPFR	=	6698.45226500
SAICSVVRRA	=	7347.09633100
LLYQTFGRK	=	7850.39999103
SSGLSRYVA	=	8623.17243610
RWMCLRRFII	=	8873.13633000
TFHQTLQDPR	=	12279.38901100
AICSVVRRA	=	13485.95898800
IPSSWAFGKF	=	15048.42087835
GIHLNPNKTK	=	15057.11232750
FSQFSRGNY	=	15667.79777850
FPYSTFPII	=	19054.56810000
PSVPSHLPDR	=	19900.05347060
GTSFVYVPSA	=	20099.07052000
YTSFPWLLGC	=	21824.98403150
SLQSKHRKSR	=	22186.75177150
SWWTSLNFL	=	22834.85945050
DATPTGWGL	=	23993.67514800
FLCKQYLNL	=	26160.97858985
YMDDVVLGAK	=	31796.14536065
AYISSEATTPV	=	34004.95148000
CLTFGRETVI	=	45046.87313750
MALMKLAAL	=	46990.32287000
AFSYMDDVV	=	48454.70826150
GPCRTCMTTA	=	50150.44660200
PTTGRTSLY	=	65529.05481800
GSGHTTNFA	=	68218.47431900
PFLPLLPIFF	>	70422.00000000
GYPALMPLYA	>	70422.00000000
VGPLTVNEKR	>	70422.00000000
NFLLSLGIHL	>	70422.00000000
RGPYRAFVTI	>	70422.53521000
RRLRPGGKK	>	78125.00000000
SDYLELDTI	>	78125.00000000
SLYADSPSV	>	78125.00000000
APRTLVYLL	>	78125.00000000
RLLLLDDEA	>	78125.00000000
YVQMALMKL	>	78125.00000000
NLYPVARQR	>	78125.00000000
QSGRQPTPL	>	78125.00000000
WSPQAQGIL	>	78125.00000000
TTNFASKSA	>	78125.00000000
YQAVVPLVY	>	78125.00000000
IRFPKTFGY	>	78125.00000000
FGRETVIEY	>	78125.00000000
ERYFRINSL	>	78125.00000000
VGNVYVKF	>	87719.29825000
GDYKLVEI	>	87719.29825000
