ASPLSSIFSR	=	5.51601700
GTMPDLHDY	=	7.78931000
LSLDVSAAFY	=	11.21820400
IMPARFYPK	=	11.39884400
RGNYRVSWPK	=	27.54293680
CGYPALMPLY	=	57.74107400
VAATLGFGAYMSKAH	=	60.00000000
GTFSAPLPI	=	120.90042200
SLGIHLNPNK	=	146.35824900
AGFHPTARR	=	180.28279200
PTYKAFLCK	=	214.20994300
TSFPWLLGCA	=	289.93670800
SQFSRGNYR	=	435.90591600
FAAPFTQCGY	=	515.69690200
VGSSLQSKHR	=	1226.84036600
RFIIFLFIL	=	1243.28523800
LGIHLNPNK	=	1278.20430600
RAGFHPTARR	=	1428.67030500
TGGVFLVDK	=	1822.13395615
SIFSRIGDPA	=	2022.25068700
SSGHAVEFH	=	2056.95879300
NTNMGLKFR	=	2334.91958200
RAGFHPTAR	=	2725.53920500
YVNTNMGLK	=	2942.07222611
AQFSPQYL	=	3639.02561000
YVARLSSNSR	=	4193.81995700
FLPSKYFPSV	>	5000.00000000
CAEHGEHHIR	=	5082.13112992
LFTAVTNFLL	=	7103.30472600
HCSPHHTALR	=	7680.49155100
KGGLRPRAG	=	8200.00000000
PARFYPKVTK	=	9885.84832897
ITSGFLGPL	=	10770.90665150
LVGSSGLSR	=	12422.59987750
RLVVDFSQF	=	13617.34879940
YPKVTKYLPL	=	15908.37893900
PGYRWMCLRR	=	18045.80866145
IFSRIGDPAL	=	18239.48230000
IRIPRTPSR	=	18384.34097750
ITSGFLGPLL	=	21708.26262950
VNTNMGLKFR	=	22614.48159800
LLVGSSGLSR	=	25440.76323900
GTVNPVLTTA	=	25646.42190800
LADEGLNRR	=	26179.44574900
FPCWWLQFR	=	32544.40574950
TPSRVTGGVF	=	35896.05766800
IIQKIKECFR	=	37607.45468100
HQLDPAFRA	=	41557.28972200
CPGYRWMCLR	=	41982.81932900
GPLTVNEKRR	=	49171.07860150
RLADEGLNRR	=	59163.07194950
TASALYREA	=	59778.51248100
FVGLALLTL	=	62177.83000000
FPFKYAAAF	=	65160.75000000
SWEQDLQHGA	>	70422.00000000
RDLLDTASAL	>	70422.00000000
PSVRDLLDTA	>	70422.00000000
DDPSRGRLGL	>	70422.00000000
SPFLPLLPIF	>	70422.00000000
GVNLEDPASR	>	70422.00000000
SEAAYAKKI	>	78125.00000000
FFPSVRDLL	>	78125.00000000
AASCGGAVF	>	78125.00000000
PIFFCLWVY	>	78125.00000000
KPYYPEHLV	>	78125.00000000
AQIDNYNKF	>	78125.00000000
CFARSRSGA	>	78125.00000000
YEFLQPILL	>	78125.00000000
KECFRKLPI	>	78125.00000000
VLSRKYTSF	>	78125.00000000
DWKVCQRIV	>	78125.00000000
ERYFRIHSL	>	78125.00000000
KAGQYVTIW	>	78125.00000000
FLRGRAYGI	>	78125.00000000
HLNPNKTKR	>	78125.00000000
FPDHQLDPA	>	78125.00000000
RRDYRRGL	>	87719.29825000
