QAFTFSPTYK	=	2.46529210
LSVIWMMWY	=	2.76117100
LGFGAYMSK	=	30.00000000
STVPVFNPH	=	42.86896200
QTLQDPRVR	=	131.03866000
QTFGRKLHLY	=	132.55939800
LSYQHFRRLL	=	134.37318600
VVDFSQFSR	=	144.47189400
TVPVFNPHWK	=	155.87303200
SGLSRYVAR	=	172.24787900
SLPQEHIIQK	=	179.42985000
HSASFCGSPY	=	211.63578400
FASPLHVAWR	=	560.78227300
GCAANWILR	=	711.80125100
KVGNFTGLY	=	754.63022800
NVSIPWTHK	=	1443.30351000
HISCLTFGR	=	1757.23939200
GSSGLSRYVA	=	2159.78846700
VSLLLLYQTF	=	2497.43174700
DPALNMENI	=	2729.42517500
WILRGTSFVY	=	3577.64190600
APRTKVYLL	>	5000.00000000
LIFLLVLLDY	=	5931.26487300
LPINRPIDWK	=	7277.94722800
TTAQGTSMY	=	7470.41909100
QLLWFHISCL	=	8058.30289800
SCLHQSPVR	=	10020.76449800
WGYSLNFMGY	=	11590.29484800
FPHCLAFSYM	=	13076.52574035
GSSTTSTGPC	=	13095.69281750
AAPFTQCGY	=	13459.25496100
FLLAQFTSA	=	13797.36964200
RSRSGANII	=	17907.89506950
RETVIEYLV	=	20237.80887950
LVLLDYQGML	=	20324.19573100
LQSQQGHLAR	=	20662.09401100
KFLWEWASAR	=	26054.39164750
VGPLTVNEK	=	31437.21592850
AYIDNYNKF	=	35349.15350000
LNLYPVARQR	=	41198.68680750
RTPSPRRRR	=	42098.87470800
ETTVVRRRGR	=	49653.63264200
QTLPANPPPA	=	51031.03630900
FLWEWASAR	=	52639.35691900
QSPVRKAAY	=	56715.74071100
VARLSSNSR	=	61898.44605950
HGEHHIRIPR	=	64150.02991000
GSSTTSTGP	>	70422.00000000
HIRIPRTPSR	>	70422.00000000
PTTGRTSLYA	>	70422.00000000
VGSSGLSRY	>	70422.00000000
SPRRRRSQSR	>	70422.00000000
RRRSQSPRRR	>	70422.00000000
RRAARAEYL	>	78125.00000000
KRLRPGGKK	>	78125.00000000
AEFKYIAAV	>	78125.00000000
QAQGILQTL	>	78125.00000000
PADDPSRGR	>	78125.00000000
NEKRRLQLI	>	78125.00000000
AQGYKVLVL	>	78125.00000000
LPIHTAELL	>	78125.00000000
LLSFLPSDF	>	78125.00000000
KTKDYVNGL	>	78125.00000000
PIDWKVCQR	>	78125.00000000
KFNPMKTYI	>	78125.00000000
LYSSTVPVF	>	78125.00000000
YRHDGGNVL	>	78125.00000000
TILGIGTVL	>	78125.00000000
YVIKVSARV	>	78125.00000000
YACIQSKQA	>	78125.00000000
KCDELAAKL	>	78125.00000000
SPFLPLLPI	>	78125.00000000
FVNYNFTLV	>	78125.00000000
HLARRQQGR	>	78125.00000000
RGYVFQGL	>	87719.29825000
