SSLQSKHRK	=	2.45091400
LIMPARFYPK	=	8.47608100
LVVDFSQFSR	=	12.03066800
QAGFFLLTR	=	14.08208209
GTDNSVVLSR	=	21.58892600
GTFSAPLPIH	=	22.13930100
YSHPIILGFR	=	30.87261700
AATLGFGAY	=	200.00000000
GYSLNFMGY	=	253.05699500
VTKYLPLDK	=	273.63180049
QAGFFLLTRI	=	302.72579600
KVFPYALINK	=	370.65831150
GSSLQSKHR	=	396.06499400
HTLWKAGILY	=	505.61887100
GSSSGTVNPV	=	674.08038300
LQAGFFLLTR	=	709.36907109
ASRDLVVSY	=	764.26472100
GYRWMCLRRF	=	1069.19361022
LGCAANWILR	=	1125.19971400
LVSFGVWIR	=	1132.50309300
ATVELLSFL	=	1843.03346700
LMTLATWVGV	=	2114.62184800
FRYNGLIHR	=	2863.37003700
GYRWMCLRR	=	3711.80748500
ASALYREAL	=	4336.45253300
ETFGFEIQSY	=	4421.74632200
PLPIHTAELL	=	5640.39447486
TTVVRRRGR	=	5650.76013900
TAVTNFLLSL	=	5788.68193700
FSAPLPIHTA	=	6372.50316400
DPRVRGLYF	=	6672.42378000
HTAELLAACF	=	6849.60140100
RSQSPRRRR	=	7570.64963200
GLKFRQLLWF	=	9343.42152900
SARFSWLSLL	=	9563.93853200
FVGPLTVNEK	=	11081.59947800
PSDFFPSVR	=	11124.63370000
ATPYDINQML	=	12069.36421000
PINRPIDWK	=	13066.19669950
ILCWGELMTL	=	14022.48937000
YTSFPWLLG	=	16465.24078750
HTTNFASKSA	=	27728.20419200
AGPLEEELPR	=	37402.06468050
RRLQLIMPAR	=	43099.91419100
RRSQSPRRRR	=	43429.15358200
GVWIRTPPAY	=	43559.03112200
PVGSSLQSK	=	44793.08217150
DANKVGAGA	=	47042.28838750
EWASARFSWL	=	47847.43764850
DLQHGAESF	=	50329.29013900
LVGSSGLSRY	=	53825.35485800
AYRPPNAPI	=	65120.69510900
RILHNFAYSL	=	68066.60000000
IRAGFHPTAR	>	70422.00000000
VYVPSALNPA	>	70422.00000000
PLGFFPDHQL	>	70422.00000000
PRRRRSQSPR	>	70422.00000000
PNSARSQSER	>	70422.00000000
PASRDLVVSY	>	70422.00000000
PADDPSRGRL	>	70422.00000000
VAEDLNLGNL	>	70422.00000000
NWILRGTSFV	>	70422.00000000
NKDTWPDANK	>	70422.00000000
RRRGRSPRR	>	78125.00000000
SAPLPIHTA	>	78125.00000000
KFYGPFVDR	>	78125.00000000
RISGVDRYY	>	78125.00000000
NSTTFHQTL	>	78125.00000000
NMGLKFRQL	>	78125.00000000
PIHTAELLA	>	78125.00000000
AYIDNYNKV	>	78125.00000000
YTGDFDSVI	>	78125.00000000
WIRTPPAYR	>	78125.00000000
DHQAAFQYI	>	78125.00000000
EFGATVELL	>	78125.00000000
GLVMGHQRM	>	78125.00000000
YHSNVKEL	>	87719.29825000
