LSYQHFRRL	=	18.19288300
ASCLHQSPVR	=	19.74831000
AAFYHLPLH	=	26.39635800
STLPETTVVR	=	42.82424200
SSGLSRYVAR	=	65.24347200
SSTTSTGPCR	=	77.03422400
STTSTGPCR	=	105.58541300
TSAICSVVRR	=	106.21835400
SAAFYHLPLH	=	127.87160500
TSCPPTCPGY	=	140.18492600
QSQQGHLAR	=	150.74072599
AFTFSPTYK	=	299.88635500
CSPHHTALR	=	571.87095700
LAACFARSR	=	807.55264782
LGLSRPLLR	=	830.16143800
STSNPLGFF	=	923.11898600
SGHTTNFASK	=	1157.79856800
YLPTQQDVL	=	1223.85772500
GSVNVVYTF	=	1538.48515900
SASFCGSPY	=	1652.18030600
HGTMPDLHDY	=	2264.98797700
GTSFVYVPS	=	2295.14035200
QQSSGILSR	=	2436.99592900
GSSGLSRYV	=	2866.30012300
IPSSWAFGK	=	2897.30206000
PSRGRLGLSR	=	3320.35242789
LSWLSLDVSA	=	3683.28347600
KVTKYLPLDK	=	5295.43038700
WGLVMGHQR	=	5543.39416411
CIPIPSSWA	=	6876.14164200
SEIDLILGY	=	7148.17649000
NYRVSWPKFA	=	7168.96165100
MTTAQGTSMY	=	7342.29004000
DVSAAFYHL	=	7863.17307000
PLLPIFFCL	=	8896.26200300
TAELLAACFA	=	9181.00635600
LSSNLSWLSL	=	9308.45335600
PIPSSWAFGK	=	9411.01712300
SGSGHTTNFA	=	9692.12502300
KYLPLDKGI	=	11544.78899850
ALMPLYACI	=	11574.84937950
LLLYQTFGR	=	11654.65488150
LLLAILGPL	=	15248.86411800
NIHLHQDIIK	=	17781.24573850
VGLSPFLLA	=	23823.29943200
LATWVGVNL	=	24945.18083850
ISDSNPYLTQW	=	30721.71249000
PDWDFNPNK	=	31572.30126900
ILRGTSFVYV	=	34016.75397800
TTGRTSLYA	=	35302.21214150
QPTPLSPPL	=	38913.15712900
PTPLSPPLR	=	39539.71218750
PLRNTHPQAM	=	41519.20803090
VVRRRGRSPR	=	44858.80032145
NSVVLSRKY	=	45673.20461100
CLTFGRETV	=	55514.44896050
IPQSLDSYWTSL	>	58139.53488000
YVADALAAF	=	65766.70522000
PASTNRQSGR	>	70422.00000000
PSRVTGGVFL	>	70422.00000000
QWFVGLSPTV	>	70422.00000000
KGIKPYYPEH	>	70422.00000000
GPLTVNEKR	>	70422.00000000
NSKPCSDYCL	>	70422.00000000
DTASALYREA	>	70422.00000000
RRTPSPRRRR	>	70422.00000000
FLPSDYFPSV	>	70422.53521000
SGPSNTYPEI	>	70422.53521000
ALPPRAYAM	>	76941.00000000
SSGTVNPVL	>	78125.00000000
LTNLLSSNL	>	78125.00000000
PRRRRSQSR	>	78125.00000000
YAAQGYKVL	>	78125.00000000
GFTPPHGGL	>	78125.00000000
GLYSSTVPV	>	78125.00000000
