VHAPSSRRTTL	=	1.93674700
YHAQTVVL	=	2.80414700
SHAQTVVL	=	5.71488500
VHFEESSKL	=	14.60867500
IHEDSTNRRRL	=	30.97341200
TPPLVRLVF	=	142.55542400
IRSSVQNKL	=	209.63122300
FRYNGLIHR	=	259.03000000
RRYQKSTEL	=	290.56203300
NHEGEVNRARYM	=	305.78264300
VHSDAAKQI	=	410.05039000
QAELEAFLM	=	609.63000000
WWAGIEHTF	=	1624.05979000
RRQDILDLWI	=	1747.51389600
NHLPRELIF	=	1856.71238000
RWHSLIKYL	=	2714.44642500
TGDTPINIF	=	2874.89291200
YSARRHRIL	=	5770.67440000
YCTLYVTVF	=	5846.45385700
DRGFAAPQF	=	7564.04143900
SAIPPSRSM	=	8917.31518700
RITWYSKNF	=	10185.37987000
QTTNQQAEL	=	20483.36249000
QRALFMHFR	=	29667.84323000
GVLNWAAQI	=	33019.97693000
QFSLWRRPV	=	39385.35774000
ALAPVPIPF	=	39521.03672000
QLNAWGCAF	=	43033.14829000
RRSKEITVR	>	76923.07692000
SRHHAFCFR	>	76923.07692000
ASTPESANL	>	76923.07692000
