NHHFFDGKTAL	<	1.00000000
WHADGRLTKKL	=	1.56781600
NHREAGKEAAL	=	4.13066200
HHADKALTM	=	16.20874000
YIHFLIRQL	=	28.67155800
SRFPEALRL	=	100.38263500
THIQQDPAL	=	130.20000000
HLPLSPRTL	=	164.40040500
DHQAAMQII	=	175.23547700
NQQAELEAF	=	214.72036000
DRFGLAESL	=	220.26617800
WHGRDNRTI	=	1971.51224100
TLTAQSRTL	=	2396.63886800
GDHQAAMQI	=	2992.76475900
CYYQEGKPL	=	3688.32975900
GRQTALFLL	=	4626.48659600
RPKVPLRTM	=	4879.79083700
TSSASNKPI	=	5623.60168200
KHYWDAIRF	=	6650.95435500
ELEAFLMAL	=	6785.94106500
KIHQEDKIL	=	14902.15329000
RRISGVDRY	=	15609.76353000
GVILLRIVI	=	24753.68857000
YYSARRHRI	=	33513.03133000
RRRLTARGL	=	37796.44730000
EREQTLNQL	=	40798.87916000
KHTEEAKQI	=	42059.77164000
VFSSPPSYF	=	44401.12103000
TAGEVRRAI	>	76923.07692000
QEDEEHYLM	>	76923.07692000
SMGKEAPQF	>	76923.07692000
