NQSKFFRVL	<	1.00000000
DHIRFISEL	<	1.00000000
RHISIQRQL	<	1.00000000
NQQEFVRAL	=	1.25865700
HSNVKELVF	=	7.16119800
IRSSYIRVL	=	7.75969200
IHQDGIHIL	=	10.95901900
LHSTYFPCF	=	21.70853000
SHAQTVYL	=	29.82465000
NHQQPPQQNTGF	=	48.52975900
YCAPPGYAL	=	59.56371900
IHFLIRQLI	=	1503.09165700
ILQRLSATL	=	1850.89998800
VTIMSGLVF	=	2889.20821800
AMGAASLTL	=	3370.98406100
QTALFLLKL	=	4761.19289500
TCSRVIFPL	=	7209.37250900
RGETYGRLL	=	13066.09138000
RGGRWILAI	=	15756.33729000
DKNKWRMLI	=	17010.34544000
GSAMGAASL	=	21474.42503000
GAASLTLTA	=	25031.30872000
QIEYIHFLI	=	29008.98594000
QQRGPRKPI	=	29437.75214000
GPGQKARLM	=	34997.80694000
TTSSVDEQI	=	52128.60351000
RRWIQLGLQK	>	71428.57143000
SESRLVNQI	>	76923.07692000
GKPLEATVI	>	76923.07692000
ERFLAQEQL	>	76923.07692000
GNSSWPWQI	>	76923.07692000
KRKGGIGGY	>	76923.07692000
