VHAPPMQLGF	<	1.00000000
NRFSVAYML	<	1.00000000
DHARLQLQL	<	1.00000000
WQIEYIHFL	=	1.41796400
MRDHTITLL	=	7.99433200
HHVENKGATL	=	21.66059400
YRLLLTRVL	=	23.89765700
SPAIFQYTM	=	107.72384200
GFAAPQFSL	=	126.57814900
IRMFKILPL	=	193.68779300
KIGKEAIVI	=	233.55301000
SQSPQGRVM	=	438.09372300
RRIYDLIEL	=	741.68732700
ANLKVSQI	=	825.55697900
GGNYVHLPL	=	1057.37374100
LLTALGMSL	=	2595.87065800
KRLRLIHLL	=	3157.95422200
CTHLEGKII	=	5444.03645900
VDSQYVMGI	=	9770.34019900
VVSSCTRMM	=	10204.61292000
PGIRYPKTF	=	11887.29870000
KRLAETLAL	=	11982.41022000
KRWIILGLNK	=	12750.18530000
YLCLIQKAL	=	20519.04602000
KILSVLAPL	=	30056.65330000
YKNVEIEVL	=	35244.27849000
QEQMISCKF	=	35985.15913000
NDTNYSGFM	=	41885.39083000
CTGLEQEQM	=	56946.51871000
DRLALLANL	=	57353.93347000
QDNQWSYKI	>	76923.07692000
IRLRPGGKK	>	76923.07692000
ARKLLLDNL	>	76923.07692000
