NHHFFDGKTAL	<	1.00000000
NQSKFFRVL	<	1.00000000
DHIRFISEL	<	1.00000000
VHAPPMQLGF	<	1.00000000
RHISIQRQL	<	1.00000000
NRFSVAYML	<	1.00000000
DHARLQLQL	<	1.00000000
NQQEFVRAL	=	1.25865700
WQIEYIHFL	=	1.41796400
WHADGRLTKKL	=	1.56781600
VHAPSSRRTTL	=	1.93674700
YHAQTVVL	=	2.80414700
NHREAGKEAAL	=	4.13066200
SHAQTVVL	=	5.71488500
HSNVKELVF	=	7.16119800
IRSSYIRVL	=	7.75969200
MRDHTITLL	=	7.99433200
IHQDGIHIL	=	10.95901900
VHFEESSKL	=	14.60867500
HHADKALTM	=	16.20874000
HHVENKGATL	=	21.66059400
LHSTYFPCF	=	21.70853000
YRLLLTRVL	=	23.89765700
YIHFLIRQL	=	28.67155800
SHAQTVYL	=	29.82465000
IHEDSTNRRRL	=	30.97341200
NHQQPPQQNTGF	=	48.52975900
YCAPPGYAL	=	59.56371900
SRFPEALRL	=	100.38263500
SPAIFQYTM	=	107.72384200
GFAAPQFSL	=	126.57814900
THIQQDPAL	=	130.20000000
TPPLVRLVF	=	142.55542400
HLPLSPRTL	=	164.40040500
DHQAAMQII	=	175.23547700
IRMFKILPL	=	193.68779300
IRSSVQNKL	=	209.63122300
NQQAELEAF	=	214.72036000
DRFGLAESL	=	220.26617800
KIGKEAIVI	=	233.55301000
FRYNGLIHR	=	259.03000000
RRYQKSTEL	=	290.56203300
NHEGEVNRARYM	=	305.78264300
VHSDAAKQI	=	410.05039000
SQSPQGRVM	=	438.09372300
QAELEAFLM	=	609.63000000
RRIYDLIEL	=	741.68732700
ANLKVSQI	=	825.55697900
GGNYVHLPL	=	1057.37374100
IHFLIRQLI	=	1503.09165700
WWAGIEHTF	=	1624.05979000
RRQDILDLWI	=	1747.51389600
ILQRLSATL	=	1850.89998800
NHLPRELIF	=	1856.71238000
WHGRDNRTI	=	1971.51224100
TLTAQSRTL	=	2396.63886800
LLTALGMSL	=	2595.87065800
RWHSLIKYL	=	2714.44642500
TGDTPINIF	=	2874.89291200
VTIMSGLVF	=	2889.20821800
GDHQAAMQI	=	2992.76475900
KRLRLIHLL	=	3157.95422200
AMGAASLTL	=	3370.98406100
CYYQEGKPL	=	3688.32975900
GRQTALFLL	=	4626.48659600
QTALFLLKL	=	4761.19289500
RPKVPLRTM	=	4879.79083700
CTHLEGKII	=	5444.03645900
TSSASNKPI	=	5623.60168200
YSARRHRIL	=	5770.67440000
YCTLYVTVF	=	5846.45385700
KHYWDAIRF	=	6650.95435500
ELEAFLMAL	=	6785.94106500
TCSRVIFPL	=	7209.37250900
DRGFAAPQF	=	7564.04143900
SAIPPSRSM	=	8917.31518700
VDSQYVMGI	=	9770.34019900
RITWYSKNF	=	10185.37987000
VVSSCTRMM	=	10204.61292000
PGIRYPKTF	=	11887.29870000
KRLAETLAL	=	11982.41022000
KRWIILGLNK	=	12750.18530000
RGETYGRLL	=	13066.09138000
KIHQEDKIL	=	14902.15329000
RRISGVDRY	=	15609.76353000
RGGRWILAI	=	15756.33729000
DKNKWRMLI	=	17010.34544000
QTTNQQAEL	=	20483.36249000
YLCLIQKAL	=	20519.04602000
GSAMGAASL	=	21474.42503000
GVILLRIVI	=	24753.68857000
GAASLTLTA	=	25031.30872000
QIEYIHFLI	=	29008.98594000
QQRGPRKPI	=	29437.75214000
QRALFMHFR	=	29667.84323000
KILSVLAPL	=	30056.65330000
GVLNWAAQI	=	33019.97693000
YYSARRHRI	=	33513.03133000
GPGQKARLM	=	34997.80694000
YKNVEIEVL	=	35244.27849000
QEQMISCKF	=	35985.15913000
RRRLTARGL	=	37796.44730000
QFSLWRRPV	=	39385.35774000
ALAPVPIPF	=	39521.03672000
EREQTLNQL	=	40798.87916000
NDTNYSGFM	=	41885.39083000
KHTEEAKQI	=	42059.77164000
QLNAWGCAF	=	43033.14829000
VFSSPPSYF	=	44401.12103000
TTSSVDEQI	=	52128.60351000
CTGLEQEQM	=	56946.51871000
DRLALLANL	=	57353.93347000
RRWIQLGLQK	>	71428.57143000
TAGEVRRAI	>	76923.07692000
SESRLVNQI	>	76923.07692000
RRSKEITVR	>	76923.07692000
QEDEEHYLM	>	76923.07692000
QDNQWSYKI	>	76923.07692000
SRHHAFCFR	>	76923.07692000
IRLRPGGKK	>	76923.07692000
SMGKEAPQF	>	76923.07692000
GKPLEATVI	>	76923.07692000
ERFLAQEQL	>	76923.07692000
ARKLLLDNL	>	76923.07692000
ASTPESANL	>	76923.07692000
GNSSWPWQI	>	76923.07692000
KRKGGIGGY	>	76923.07692000
