SHIDRVYTL	<	1.00000000
NQSKFFRVL	<	1.00000000
DHIRFISEL	<	1.00000000
VHAPPMQLGF	<	1.00000000
NHHLQETSF	<	1.00000000
RHISIQRQL	<	1.00000000
NRFSVAYML	<	1.00000000
DHARLQLQL	<	1.00000000
NQQEFVRAL	=	1.25865700
WQIEYIHFL	=	1.41796400
VRVPARVL	=	1.52243500
THVMDYRAL	=	1.58715300
VHAPSSRRTTL	=	1.93674700
YHAQTVVL	=	2.80414700
SHAQTVVL	=	5.71488500
NQDRYIKKL	=	5.71736700
RHVMLPREL	=	5.90771000
HSNVKELVF	=	7.16119800
THTNGVRLL	=	7.17597800
IRSSYIRVL	=	7.75969200
MRDHTITLL	=	7.99433200
IHQDGIHIL	=	10.95901900
VHFEESSKL	=	14.60867500
HHVENKGATL	=	21.66059400
LHSTYFPCF	=	21.70853000
YRLLLTRVL	=	23.89765700
SHAQTVYL	=	29.82465000
IHEDSTNRRRL	=	30.97341200
NHQQPPQQNTGF	=	48.52975900
YCAPPGYAL	=	59.56371900
HVVWAANEL	=	77.68307100
NHEDGPTAKKL	=	78.85249700
NRAKQVIKL	=	105.70870800
SPAIFQYTM	=	107.72384200
GFAAPQFSL	=	126.57814900
TPPLVRLVF	=	142.55542400
IRMFKILPL	=	193.68779300
IRSSVQNKL	=	209.63122300
KIGKEAIVI	=	233.55301000
FRYNGLIHR	=	259.03000000
RRYQKSTEL	=	290.56203300
NHEGEVNRARYM	=	305.78264300
GDAYFSIPL	=	384.73580000
VHSDAAKQI	=	410.05039000
SQSPQGRVM	=	438.09372300
QAELEAFLM	=	609.63000000
RRIYDLIEL	=	741.68732700
ANLKVSQI	=	825.55697900
GGNYVHLPL	=	1057.37374100
NRELIQQEL	=	1109.53149600
ARLFGIRAK	=	1128.06190800
GVRLLAHVI	=	1418.63810100
IHFLIRQLI	=	1503.09165700
WWAGIEHTF	=	1624.05979000
RRQDILDLWI	=	1747.51389600
ILQRLSATL	=	1850.89998800
NHLPRELIF	=	1856.71238000
LLTALGMSL	=	2595.87065800
RWHSLIKYL	=	2714.44642500
TGDTPINIF	=	2874.89291200
VTIMSGLVF	=	2889.20821800
KRLRLIHLL	=	3157.95422200
AMGAASLTL	=	3370.98406100
GEETIGEAF	=	3596.56039800
QTALFLLKL	=	4761.19289500
CTHLEGKII	=	5444.03645900
YSARRHRIL	=	5770.67440000
YCTLYVTVF	=	5846.45385700
TCSRVIFPL	=	7209.37250900
DRGFAAPQF	=	7564.04143900
PYNTPTFAI	=	7866.70309800
ANSVETIVL	=	8678.33058400
SAIPPSRSM	=	8917.31518700
GAGELIRIL	=	9479.45174200
RDNRTIISL	=	9694.58417900
VDSQYVMGI	=	9770.34019900
RITWYSKNF	=	10185.37987000
VVSSCTRMM	=	10204.61292000
KLSPLCITM	=	10526.89901000
PGIRYPKTF	=	11887.29870000
KRLAETLAL	=	11982.41022000
KRWIILGLNK	=	12750.18530000
RGETYGRLL	=	13066.09138000
TMSAEVAEL	=	13583.89369000
YVDRFYKSL	=	14782.28029000
VAELYRLEL	=	15253.10082000
RGGRWILAI	=	15756.33729000
DKNKWRMLI	=	17010.34544000
QTTNQQAEL	=	20483.36249000
YLCLIQKAL	=	20519.04602000
GSAMGAASL	=	21474.42503000
GAASLTLTA	=	25031.30872000
SRYWAIRTR	=	28084.49728000
QIEYIHFLI	=	29008.98594000
QQRGPRKPI	=	29437.75214000
QRALFMHFR	=	29667.84323000
KILSVLAPL	=	30056.65330000
GVLNWAAQI	=	33019.97693000
GPGQKARLM	=	34997.80694000
YKNVEIEVL	=	35244.27849000
QEQMISCKF	=	35985.15913000
CNSTVTSLI	=	37823.87425000
RLIRGKMTL	=	39263.15510000
QFSLWRRPV	=	39385.35774000
ALAPVPIPF	=	39521.03672000
PSCGSAKEL	=	41204.28217000
NDTNYSGFM	=	41885.39083000
QLNAWGCAF	=	43033.14829000
DLASWIKYI	=	49507.37715000
TTSSVDEQI	=	52128.60351000
CTGLEQEQM	=	56946.51871000
DRLALLANL	=	57353.93347000
TDTPLDLAI	=	61615.21387000
RRWIQLGLQK	>	71428.57143000
GRRGWEALKY	>	71428.57143000
SESRLVNQI	>	76923.07692000
RRSKEITVR	>	76923.07692000
QDNQWSYKI	>	76923.07692000
KRVVINKDT	>	76923.07692000
SRHHAFCFR	>	76923.07692000
IRLRPGGKK	>	76923.07692000
GSAKELHAV	>	76923.07692000
GKPLEATVI	>	76923.07692000
ERFLAQEQL	>	76923.07692000
ARKLLLDNL	>	76923.07692000
ASTPESANL	>	76923.07692000
GNSSWPWQI	>	76923.07692000
KRKGGIGGY	>	76923.07692000
