NHHFFDGKTAL	<	1.00000000
SHIDRVYTL	<	1.00000000
NQSKFFRVL	<	1.00000000
DHIRFISEL	<	1.00000000
VHAPPMQLGF	<	1.00000000
NHHLQETSF	<	1.00000000
RHISIQRQL	<	1.00000000
NRFSVAYML	<	1.00000000
DHARLQLQL	<	1.00000000
NQQEFVRAL	=	1.25865700
WQIEYIHFL	=	1.41796400
VRVPARVL	=	1.52243500
WHADGRLTKKL	=	1.56781600
THVMDYRAL	=	1.58715300
NHREAGKEAAL	=	4.13066200
NQDRYIKKL	=	5.71736700
RHVMLPREL	=	5.90771000
HSNVKELVF	=	7.16119800
THTNGVRLL	=	7.17597800
IRSSYIRVL	=	7.75969200
MRDHTITLL	=	7.99433200
IHQDGIHIL	=	10.95901900
HHADKALTM	=	16.20874000
HHVENKGATL	=	21.66059400
LHSTYFPCF	=	21.70853000
YRLLLTRVL	=	23.89765700
YIHFLIRQL	=	28.67155800
SHAQTVYL	=	29.82465000
NHQQPPQQNTGF	=	48.52975900
YCAPPGYAL	=	59.56371900
HVVWAANEL	=	77.68307100
NHEDGPTAKKL	=	78.85249700
SRFPEALRL	=	100.38263500
NRAKQVIKL	=	105.70870800
SPAIFQYTM	=	107.72384200
GFAAPQFSL	=	126.57814900
THIQQDPAL	=	130.20000000
HLPLSPRTL	=	164.40040500
DHQAAMQII	=	175.23547700
IRMFKILPL	=	193.68779300
NQQAELEAF	=	214.72036000
DRFGLAESL	=	220.26617800
KIGKEAIVI	=	233.55301000
GDAYFSIPL	=	384.73580000
SQSPQGRVM	=	438.09372300
RRIYDLIEL	=	741.68732700
ANLKVSQI	=	825.55697900
GGNYVHLPL	=	1057.37374100
NRELIQQEL	=	1109.53149600
ARLFGIRAK	=	1128.06190800
GVRLLAHVI	=	1418.63810100
IHFLIRQLI	=	1503.09165700
ILQRLSATL	=	1850.89998800
WHGRDNRTI	=	1971.51224100
TLTAQSRTL	=	2396.63886800
LLTALGMSL	=	2595.87065800
VTIMSGLVF	=	2889.20821800
GDHQAAMQI	=	2992.76475900
KRLRLIHLL	=	3157.95422200
AMGAASLTL	=	3370.98406100
GEETIGEAF	=	3596.56039800
CYYQEGKPL	=	3688.32975900
GRQTALFLL	=	4626.48659600
QTALFLLKL	=	4761.19289500
RPKVPLRTM	=	4879.79083700
CTHLEGKII	=	5444.03645900
TSSASNKPI	=	5623.60168200
KHYWDAIRF	=	6650.95435500
ELEAFLMAL	=	6785.94106500
TCSRVIFPL	=	7209.37250900
PYNTPTFAI	=	7866.70309800
ANSVETIVL	=	8678.33058400
GAGELIRIL	=	9479.45174200
RDNRTIISL	=	9694.58417900
VDSQYVMGI	=	9770.34019900
VVSSCTRMM	=	10204.61292000
KLSPLCITM	=	10526.89901000
PGIRYPKTF	=	11887.29870000
KRLAETLAL	=	11982.41022000
KRWIILGLNK	=	12750.18530000
RGETYGRLL	=	13066.09138000
TMSAEVAEL	=	13583.89369000
YVDRFYKSL	=	14782.28029000
KIHQEDKIL	=	14902.15329000
VAELYRLEL	=	15253.10082000
RRISGVDRY	=	15609.76353000
RGGRWILAI	=	15756.33729000
DKNKWRMLI	=	17010.34544000
YLCLIQKAL	=	20519.04602000
GSAMGAASL	=	21474.42503000
GVILLRIVI	=	24753.68857000
GAASLTLTA	=	25031.30872000
SRYWAIRTR	=	28084.49728000
QIEYIHFLI	=	29008.98594000
QQRGPRKPI	=	29437.75214000
KILSVLAPL	=	30056.65330000
YYSARRHRI	=	33513.03133000
GPGQKARLM	=	34997.80694000
YKNVEIEVL	=	35244.27849000
QEQMISCKF	=	35985.15913000
RRRLTARGL	=	37796.44730000
CNSTVTSLI	=	37823.87425000
RLIRGKMTL	=	39263.15510000
EREQTLNQL	=	40798.87916000
PSCGSAKEL	=	41204.28217000
NDTNYSGFM	=	41885.39083000
KHTEEAKQI	=	42059.77164000
VFSSPPSYF	=	44401.12103000
DLASWIKYI	=	49507.37715000
TTSSVDEQI	=	52128.60351000
CTGLEQEQM	=	56946.51871000
DRLALLANL	=	57353.93347000
TDTPLDLAI	=	61615.21387000
RRWIQLGLQK	>	71428.57143000
GRRGWEALKY	>	71428.57143000
TAGEVRRAI	>	76923.07692000
SESRLVNQI	>	76923.07692000
QEDEEHYLM	>	76923.07692000
QDNQWSYKI	>	76923.07692000
KRVVINKDT	>	76923.07692000
IRLRPGGKK	>	76923.07692000
GSAKELHAV	>	76923.07692000
SMGKEAPQF	>	76923.07692000
GKPLEATVI	>	76923.07692000
ERFLAQEQL	>	76923.07692000
ARKLLLDNL	>	76923.07692000
GNSSWPWQI	>	76923.07692000
KRKGGIGGY	>	76923.07692000
