NHHFFDGKTAL	<	1.00000000
SHIDRVYTL	<	1.00000000
NQSKFFRVL	<	1.00000000
DHIRFISEL	<	1.00000000
NHHLQETSF	<	1.00000000
RHISIQRQL	<	1.00000000
NQQEFVRAL	=	1.25865700
VRVPARVL	=	1.52243500
WHADGRLTKKL	=	1.56781600
THVMDYRAL	=	1.58715300
VHAPSSRRTTL	=	1.93674700
YHAQTVVL	=	2.80414700
NHREAGKEAAL	=	4.13066200
SHAQTVVL	=	5.71488500
NQDRYIKKL	=	5.71736700
RHVMLPREL	=	5.90771000
HSNVKELVF	=	7.16119800
THTNGVRLL	=	7.17597800
IRSSYIRVL	=	7.75969200
IHQDGIHIL	=	10.95901900
VHFEESSKL	=	14.60867500
HHADKALTM	=	16.20874000
LHSTYFPCF	=	21.70853000
YIHFLIRQL	=	28.67155800
SHAQTVYL	=	29.82465000
IHEDSTNRRRL	=	30.97341200
NHQQPPQQNTGF	=	48.52975900
YCAPPGYAL	=	59.56371900
HVVWAANEL	=	77.68307100
NHEDGPTAKKL	=	78.85249700
SRFPEALRL	=	100.38263500
NRAKQVIKL	=	105.70870800
THIQQDPAL	=	130.20000000
TPPLVRLVF	=	142.55542400
HLPLSPRTL	=	164.40040500
DHQAAMQII	=	175.23547700
IRSSVQNKL	=	209.63122300
NQQAELEAF	=	214.72036000
DRFGLAESL	=	220.26617800
FRYNGLIHR	=	259.03000000
RRYQKSTEL	=	290.56203300
NHEGEVNRARYM	=	305.78264300
GDAYFSIPL	=	384.73580000
VHSDAAKQI	=	410.05039000
QAELEAFLM	=	609.63000000
NRELIQQEL	=	1109.53149600
ARLFGIRAK	=	1128.06190800
GVRLLAHVI	=	1418.63810100
IHFLIRQLI	=	1503.09165700
WWAGIEHTF	=	1624.05979000
RRQDILDLWI	=	1747.51389600
ILQRLSATL	=	1850.89998800
NHLPRELIF	=	1856.71238000
WHGRDNRTI	=	1971.51224100
TLTAQSRTL	=	2396.63886800
RWHSLIKYL	=	2714.44642500
TGDTPINIF	=	2874.89291200
VTIMSGLVF	=	2889.20821800
GDHQAAMQI	=	2992.76475900
AMGAASLTL	=	3370.98406100
GEETIGEAF	=	3596.56039800
CYYQEGKPL	=	3688.32975900
GRQTALFLL	=	4626.48659600
QTALFLLKL	=	4761.19289500
RPKVPLRTM	=	4879.79083700
TSSASNKPI	=	5623.60168200
YSARRHRIL	=	5770.67440000
YCTLYVTVF	=	5846.45385700
KHYWDAIRF	=	6650.95435500
ELEAFLMAL	=	6785.94106500
TCSRVIFPL	=	7209.37250900
DRGFAAPQF	=	7564.04143900
PYNTPTFAI	=	7866.70309800
ANSVETIVL	=	8678.33058400
SAIPPSRSM	=	8917.31518700
GAGELIRIL	=	9479.45174200
RDNRTIISL	=	9694.58417900
RITWYSKNF	=	10185.37987000
KLSPLCITM	=	10526.89901000
RGETYGRLL	=	13066.09138000
TMSAEVAEL	=	13583.89369000
YVDRFYKSL	=	14782.28029000
KIHQEDKIL	=	14902.15329000
VAELYRLEL	=	15253.10082000
RRISGVDRY	=	15609.76353000
RGGRWILAI	=	15756.33729000
DKNKWRMLI	=	17010.34544000
QTTNQQAEL	=	20483.36249000
GSAMGAASL	=	21474.42503000
GVILLRIVI	=	24753.68857000
GAASLTLTA	=	25031.30872000
SRYWAIRTR	=	28084.49728000
QIEYIHFLI	=	29008.98594000
QQRGPRKPI	=	29437.75214000
QRALFMHFR	=	29667.84323000
GVLNWAAQI	=	33019.97693000
YYSARRHRI	=	33513.03133000
GPGQKARLM	=	34997.80694000
RRRLTARGL	=	37796.44730000
CNSTVTSLI	=	37823.87425000
RLIRGKMTL	=	39263.15510000
QFSLWRRPV	=	39385.35774000
ALAPVPIPF	=	39521.03672000
EREQTLNQL	=	40798.87916000
PSCGSAKEL	=	41204.28217000
KHTEEAKQI	=	42059.77164000
QLNAWGCAF	=	43033.14829000
VFSSPPSYF	=	44401.12103000
DLASWIKYI	=	49507.37715000
TTSSVDEQI	=	52128.60351000
TDTPLDLAI	=	61615.21387000
RRWIQLGLQK	>	71428.57143000
GRRGWEALKY	>	71428.57143000
TAGEVRRAI	>	76923.07692000
SESRLVNQI	>	76923.07692000
RRSKEITVR	>	76923.07692000
QEDEEHYLM	>	76923.07692000
KRVVINKDT	>	76923.07692000
SRHHAFCFR	>	76923.07692000
GSAKELHAV	>	76923.07692000
SMGKEAPQF	>	76923.07692000
GKPLEATVI	>	76923.07692000
ERFLAQEQL	>	76923.07692000
ASTPESANL	>	76923.07692000
GNSSWPWQI	>	76923.07692000
KRKGGIGGY	>	76923.07692000
