SHIDRVYTL	<	1.00000000
NHHLQETSF	<	1.00000000
VRVPARVL	=	1.52243500
THVMDYRAL	=	1.58715300
NQDRYIKKL	=	5.71736700
RHVMLPREL	=	5.90771000
THTNGVRLL	=	7.17597800
HVVWAANEL	=	77.68307100
NHEDGPTAKKL	=	78.85249700
NRAKQVIKL	=	105.70870800
GDAYFSIPL	=	384.73580000
NRELIQQEL	=	1109.53149600
ARLFGIRAK	=	1128.06190800
GVRLLAHVI	=	1418.63810100
GEETIGEAF	=	3596.56039800
PYNTPTFAI	=	7866.70309800
ANSVETIVL	=	8678.33058400
GAGELIRIL	=	9479.45174200
RDNRTIISL	=	9694.58417900
KLSPLCITM	=	10526.89901000
TMSAEVAEL	=	13583.89369000
YVDRFYKSL	=	14782.28029000
VAELYRLEL	=	15253.10082000
SRYWAIRTR	=	28084.49728000
CNSTVTSLI	=	37823.87425000
RLIRGKMTL	=	39263.15510000
PSCGSAKEL	=	41204.28217000
DLASWIKYI	=	49507.37715000
TDTPLDLAI	=	61615.21387000
GRRGWEALKY	>	71428.57143000
KRVVINKDT	>	76923.07692000
GSAKELHAV	>	76923.07692000
