GDYNGHVGL	=	1.50000000
SDILWQASLI	=	4.70000000
ADLKKAQEI	=	7.70000000
KDAGLVKSL	=	20.00000000
RDIPIVHRV	=	37.00000000
FDTNLAVDL	=	48.00000000
LDKAQLLEI	=	59.00000000
RDLSVSGYM	=	65.00000000
SQIEKIVSDI	=	70.00000000
SDLAVLPVI	=	101.00000000
GDMARVSMEV	=	110.00000000
KDASLFLSL	=	116.00000000
VDMNLRLIV	=	153.00000000
HDVGLTIDL	=	190.00000000
KDLRVTLAKF	=	204.00000000
ADLNAYGYRL	=	255.00000000
RQLSTTEVV	=	273.00000000
RDLVERARL	=	273.00000000
RDLAGKLYV	=	289.00000000
KDMRAQAEGL	=	293.00000000
SLFGQFREAL	=	412.00000000
FDLRRKGAI	=	496.00000000
REMIFKMHTL	=	512.00000000
PDIASTSPL	=	648.00000000
SQSTVKVLI	=	650.00000000
HDILQLRFGL	=	799.00000000
EDIETITAI	=	839.00000000
KDMRAQAEG	=	887.00000000
LDLPAFKGF	=	910.00000000
ADIWSAGIV	=	916.00000000
ADQLLGLDV	=	927.00000000
RDFSFIDTGV	=	941.00000000
RELPFRPSV	=	1107.00000000
GLSALLAAL	=	1193.00000000
PDIEHLRSL	=	1223.00000000
AGLVLVGVI	=	1230.00000000
DDLLNVVTYI	=	1239.00000000
RDGLWDDPEI	=	1389.00000000
RDWLAMRKAV	=	1446.00000000
LDAPPTQII	=	1487.00000000
VDQPTHTYM	=	1667.00000000
RDIVYYWEV	=	1681.00000000
LDADISRLI	=	1771.00000000
LDLKQIRVL	=	1946.00000000
GSYRFTIRSI	=	2007.00000000
RLLYLHLYV	=	2045.00000000
YDLQAVKDF	=	2113.00000000
GSLVLLSLI	=	2146.00000000
FDEGMLSAI	=	2173.00000000
QDEDLLGGL	=	2263.00000000
RDLNAIEAAV	=	2751.00000000
SDFVQVRLIP	=	2791.00000000
SLFVQIECI	=	3026.00000000
RALFLLSLV	=	3377.00000000
EDRPVLTSI	=	3414.00000000
SDYMLLQEAI	=	4162.00000000
FDPQALATI	=	4610.00000000
TDINDPRSV	=	4641.00000000
REMIKYMSM	=	5487.00000000
RELGDACVL	=	5847.00000000
RDIGSHGRN	=	6386.00000000
GDAHAEAAV	=	7555.00000000
SDAGALESV	=	7563.00000000
RDGTLLRTL	=	7762.00000000
KFFAQVRIQL	=	8371.00000000
HDFLETILM	=	8463.00000000
RDLLNINVR	=	9209.00000000
ADVSMDGFV	=	9287.00000000
KHYHFDLRRK	=	9444.00000000
MAIAILSVV	=	10393.00000000
KQLRGPGGI	=	11226.00000000
RTFNAEMGV	=	11604.00000000
AVEPSELLI	=	11660.00000000
PEPDDELEI	=	12572.00000000
AGERTRVPL	=	13356.00000000
ADFGAAQFPV	=	13853.00000000
FDPDLFSPV	=	15566.00000000
FAPDLYDFI	=	15885.00000000
RIVAKKINWI	=	19343.00000000
HDFSVWFED	=	23385.00000000
LDASSDVWL	=	24783.00000000
VDYTQKNHS	=	27360.00000000
KGGLSALLA	=	31587.00000000
CCRATQTNA	=	32359.00000000
AMIGLIVYI	=	33107.00000000
GGEPFSGSA	=	34862.00000000
RRLRTRARI	=	34879.00000000
CDWGYRLIAV	=	35513.00000000
KNLVSEHEI	=	35633.00000000
APRRRAPRV	=	43384.00000000
FDIPPPPPL	=	43901.00000000
NDLISRDEAI	=	46532.00000000
KFFAQVRIQ	=	53024.00000000
DDKEIMSLI	=	59010.00000000
LTKSLLSDI	=	62520.00000000
PDYDGCKDM	=	70000.00000000
RSPHRLPKD	=	70000.00000000
RSPQAAASP	=	70000.00000000
RRVLTLVDI	=	70000.00000000
RPGVAHDEI	=	70000.00000000
LEPDAEAEPL	=	70000.00000000
RRGGQLGVI	=	70000.00000000
KYWLNSTEI	=	70000.00000000
LHYEQRIQI	=	70000.00000000
RVPVSVEEI	=	70000.00000000
RVREAYTRV	=	70000.00000000
KFVKHVVSM	=	70000.00000000
KELHDKVRI	=	70000.00000000
KDGQPEPVV	=	70000.00000000
ISQYHIYMR	=	70000.00000000
IDNQLFPEA	=	70000.00000000
HVYGVRHYF	=	70000.00000000
HRNYQRLEY	=	70000.00000000
KRMESIEEF	=	70000.00000000
GPDRRGGFR	=	70000.00000000
RPDSLAAVA	=	70000.00000000
GIVEFTIVNM	=	70000.00000000
HDILQLRFG	=	70000.00000000
SSSSSSSSM	=	70000.00000000
SSVGKRGLI	=	70000.00000000
SRTFKRDPI	=	70000.00000000
FGELAASGP	=	70000.00000000
SLFGQFREA	=	70000.00000000
TAWFMFRNI	=	70000.00000000
ESREAMSWL	=	70000.00000000
EDDQADGAG	=	70000.00000000
GDVELVVEH	=	70000.00000000
DDQADGAGA	=	70000.00000000
DGLWDDPEI	=	70000.00000000
TLWNEMVKI	=	70000.00000000
VRMVFESRE	=	70000.00000000
ARSPQAAAS	=	70000.00000000
TGAPDVSAL	=	70000.00000000
THTYMMKHI	=	70000.00000000
AEAQAPVPVF	=	70000.00000000
AKYNSKADI	=	70000.00000000
