RDIETFYNTSI	=	0.14000000
RDLERGVEI	=	2.20000000
LDLSVHPSL	=	2.50000000
KSMRHIGDI	=	5.10000000
ADANHTMSI	=	6.10000000
VDLRIQADV	=	7.90000000
RDFKGKILI	=	9.10000000
ADIRAILNM	=	14.00000000
TDLPISDDL	=	22.00000000
KDVPIGIGI	=	31.00000000
KDVPNSQLRHI	=	45.00000000
RDLEHHSTA	=	58.00000000
RQADFEAHNI	=	67.00000000
RDFAVGGGL	=	83.00000000
LEQEELDKN	=	90.00000000
RDLVGEMEL	=	105.00000000
TDAKVLRNI	=	136.00000000
FDMPNVMPTV	=	155.00000000
RDLQLTRTT	=	189.00000000
RRAAWMHQI	=	319.00000000
IDLWNVMYTL	=	420.00000000
VDLLATVFV	=	451.00000000
ADLRADVVTL	=	502.00000000
KDILDHLDF	=	647.00000000
TDVEAVPKI	=	707.00000000
KQYNALVRM	=	766.00000000
GDIVYASPF	=	861.00000000
MDQRPMVVI	=	875.00000000
IDNSAFVPI	=	903.00000000
RDTVISEHI	=	990.00000000
RDPIISSSV	=	1008.00000000
VDLPGGDEV	=	1050.00000000
RKYDSVQQP	=	1056.00000000
YDHLLAVSI	=	1184.00000000
RDETALSQAL	=	1417.00000000
KMIAAALGV	=	1692.00000000
RDTTSTQVL	=	1761.00000000
ADQLLRVLL	=	1833.00000000
AMLLTVADV	=	2001.00000000
KRMGVKVLL	=	2076.00000000
RDLRVKNRVL	=	2093.00000000
RTLPPGSGEI	=	2339.00000000
KGGLFKVWDI	=	3047.00000000
GIITTLSLI	=	3364.00000000
SDAHPATPL	=	5039.00000000
HDCESPSPV	=	5224.00000000
RTINGAADV	=	5311.00000000
TDIDYDIDEL	=	5844.00000000
RFVTEVREV	=	5899.00000000
MILMHATYFI	=	6787.00000000
REFVMTAEL	=	7430.00000000
SDKRLNPIF	=	7495.00000000
LEIDGAGDV	=	7667.00000000
HEFNNYALM	=	8195.00000000
RFFERWHMLM	=	8240.00000000
YYWEVLVDI	=	8250.00000000
TDCDSDSSV	=	9146.00000000
RVYRMFCDM	=	9607.00000000
QMYINRNEI	=	10461.00000000
RRQVTIVRI	=	11278.00000000
FYLIAAPYV	=	11345.00000000
TMFVGRYSI	=	11601.00000000
DELRLAVRAV	=	11667.00000000
TRYYLFQAI	=	11837.00000000
SDYGYANEL	=	12459.00000000
DDFTLAAPI	=	12633.00000000
DWPQDGPAI	=	13831.00000000
HCYWLYNRF	=	14972.00000000
ADAYLRRVV	=	16199.00000000
GDSDPTHRL	=	18674.00000000
RDWLAMRKA	=	18727.00000000
QDLLALNSGV	=	19068.00000000
RKFVKHVVSM	=	19247.00000000
RDLLEHVQA	=	20172.00000000
MDPPSPSAV	=	21216.00000000
KQLNDGTFV	=	21787.00000000
CDIILDIMPL	=	27040.00000000
AALPPASRL	=	32907.00000000
AQAGASASF	=	33148.00000000
FESREAMSWL	=	33498.00000000
STASSTTSI	=	39925.00000000
TDAYAESPAV	=	42279.00000000
YDRTQKSFIL	=	43103.00000000
AQALRRAPI	=	44141.00000000
GDLRQRRVL	=	45029.00000000
RHFRQRATV	=	53838.00000000
RIVAKKINW	=	54882.00000000
HDFLKFKGL	=	55550.00000000
GELAASGPL	=	56183.00000000
REANLAKTL	=	57306.00000000
HQIPDPEDV	=	58621.00000000
QDGPAISQY	=	59591.00000000
KLFFVHAHI	=	59942.00000000
WDDPEIVLA	=	61443.00000000
TQPAAPDLL	=	66157.00000000
YFWAQRRKF	=	66296.00000000
PSELLIPEL	=	70000.00000000
REYLKKEDL	=	70000.00000000
QALRRAPIK	=	70000.00000000
PDRRGGFRRV	=	70000.00000000
PDLYDFIES	=	70000.00000000
RRFFERWHM	=	70000.00000000
LAASGPLRR	=	70000.00000000
RRYANKVRG	=	70000.00000000
PDPEDVKVVV	=	70000.00000000
RANVYYKDI	=	70000.00000000
HDKFDAIEI	=	70000.00000000
GLYDEYQKI	=	70000.00000000
KDVTENIVGQ	=	70000.00000000
SDDRAIHGR	=	70000.00000000
RTLQASMGV	=	70000.00000000
GSSSDDRAI	=	70000.00000000
GDAADPVAL	=	70000.00000000
GASKRKRAN	=	70000.00000000
GEAVSLLAP	=	70000.00000000
GDGFQSTQI	=	70000.00000000
AEEAPQTAV	=	70000.00000000
APRGHGSFI	=	70000.00000000
APRALGPMP	=	70000.00000000
KSVHLHYRLI	=	70000.00000000
YGGTGDSRD	=	70000.00000000
AAEGSLQTL	=	70000.00000000
EAQAPVPVF	=	70000.00000000
FDYVCRENW	=	70000.00000000
TDFVVHGYHS	=	70000.00000000
GDSTKQYNAL	=	70000.00000000
YGSQNMFGV	=	70000.00000000
GDSRDGLWD	=	70000.00000000
SPPAPKRRV	=	70000.00000000
AGAVEPSEL	=	70000.00000000
DEDLLGGLP	=	70000.00000000
PDAEAEPLV	=	70000.00000000
APSRPGGGL	=	70000.00000000
ARITLTRVI	=	70000.00000000
THVFPHKHM	=	70000.00000000
AAAAAPGTR	=	70000.00000000
