SDILWQASL	=	6.90000000
RDIPQDGML	=	8.80000000
VDMNCTTSV	=	11.00000000
SDLKGGLSAL	=	18.00000000
TDINRSLLL	=	22.00000000
LDLTHLTSF	=	27.00000000
KDILDHLDFI	=	38.00000000
VDIAAFNKI	=	48.00000000
RDQHGFMSV	=	62.00000000
SDMSTLHQSV	=	75.00000000
RDLIPSSDV	=	91.00000000
SDILINTLV	=	106.00000000
ADLMGAVSSL	=	121.00000000
IDQSLMPSI	=	129.00000000
GDLAFTGCV	=	202.00000000
TDLILMGCDI	=	217.00000000
MDFKYSDTVI	=	217.00000000
RDIVYYWEVL	=	219.00000000
RDCPHFLEA	=	377.00000000
HDFSVWFEDL	=	397.00000000
KILSVARGI	=	428.00000000
RDLLEHVQAL	=	440.00000000
KSNSTFVGI	=	571.00000000
LDADQTAYI	=	630.00000000
YDMPFVQEGL	=	703.00000000
RYLDGESGV	=	768.00000000
KQFHMLVTF	=	1016.00000000
RERHLSRAVL	=	1054.00000000
RLVKLIVNM	=	1386.00000000
RDQPQHRAV	=	1430.00000000
ADLVLVGDRL	=	1440.00000000
IDLWNVMYT	=	1650.00000000
KDVILSLREA	=	2018.00000000
KRYFKFGKEY	=	2262.00000000
RDEVSFARI	=	2327.00000000
TDVSYYMYRI	=	2710.00000000
RDVWRRRPI	=	3085.00000000
SQLRAIQTV	=	3557.00000000
IQISSAGVI	=	4740.00000000
RVGVRKREV	=	5579.00000000
SDNETASMFI	=	6386.00000000
RDFWHAACS	=	6443.00000000
ADDPRTTEV	=	6532.00000000
HIFTGRVTL	=	7087.00000000
PEDVKVVVL	=	7338.00000000
TDYNTVLVNY	=	7721.00000000
ADFINNSGL	=	8022.00000000
RDYVHSRWA	=	8047.00000000
KDWQTHLDS	=	8327.00000000
SDTVIHNGV	=	8489.00000000
VDPARLREI	=	8932.00000000
CDAYSFTLI	=	9716.00000000
FGPGLFARA	=	9952.00000000
RPLQAMMQI	=	9994.00000000
HDCCETAQI	=	9994.00000000
PDYKLMCFDI	=	10008.00000000
VDGVWMRQI	=	10152.00000000
TDYYFSHLL	=	10751.00000000
APRVRSISI	=	11618.00000000
IDYDIDELI	=	11804.00000000
AALSLLSLL	=	11971.00000000
AKFVYLIFVY	=	12471.00000000
SPAPGLAAM	=	13381.00000000
ALPHAAASV	=	13556.00000000
GDFAAVVRAV	=	14127.00000000
RIAATVTTI	=	15321.00000000
SLFKFFKEM	=	15534.00000000
SDVSEFKKMM	=	16407.00000000
YDLLYFVCL	=	17276.00000000
HYYIEQESI	=	17937.00000000
RFERFHVYDI	=	18962.00000000
SSYDEVRNM	=	19751.00000000
AQAPVPVFV	=	19826.00000000
FDKFGRVLV	=	20620.00000000
SDLYVYVDP	=	20968.00000000
HDFLKFKGLS	=	23054.00000000
CEYHVRVHL	=	23523.00000000
SPFDTFVDNI	=	25214.00000000
IPIPSERYV	=	26388.00000000
RRFFERWHML	=	28601.00000000
ADVLQAVGV	=	30359.00000000
KIFMAVSVL	=	34026.00000000
PDAEAEPLVL	=	34250.00000000
GDAMAAGNA	=	34966.00000000
PSLVGGMLG	=	35773.00000000
EDMAADVPV	=	36934.00000000
ADRDASANL	=	42526.00000000
VDFWRARDN	=	43326.00000000
GDAMAAGNAL	=	44916.00000000
RVIFDGQQI	=	45895.00000000
EDWPQDGPAI	=	46953.00000000
LNAQGVLLL	=	47514.00000000
RERHLSRAV	=	49529.00000000
VEHPGPSPGV	=	57166.00000000
PEAPAPSVRV	=	58926.00000000
AELIDNQLF	=	63215.00000000
SDLYTFLTK	=	64800.00000000
GYFLSKRDI	=	67298.00000000
QQHQPQKAR	=	68295.00000000
PQTAVWDLL	=	70000.00000000
PQAAASPAHL	=	70000.00000000
PLSTPAVVI	=	70000.00000000
RFFERWHML	=	70000.00000000
PHAAASVAM	=	70000.00000000
PGLAAMLKM	=	70000.00000000
PEAWRPALTF	=	70000.00000000
RFYKQLNDG	=	70000.00000000
PDSLAAVAG	=	70000.00000000
RFHVYDIVET	=	70000.00000000
QDGVHREQI	=	70000.00000000
QNMFGVDDA	=	70000.00000000
KVIKKVESM	=	70000.00000000
RHYFYMAKA	=	70000.00000000
RALEEVTYV	=	70000.00000000
QQPEAPAPSV	=	70000.00000000
RYFKFGKEY	=	70000.00000000
KKYIGVING	=	70000.00000000
KLYAVFDDF	=	70000.00000000
IDGAGDVEL	=	70000.00000000
HPGPSPGVA	=	70000.00000000
SDTTNMDEL	=	70000.00000000
GRPDSLAAV	=	70000.00000000
SDVVTKQNA	=	70000.00000000
GLLPPGARI	=	70000.00000000
GGDWCNPYL	=	70000.00000000
GGASAVPGL	=	70000.00000000
GQDQNLAQF	=	70000.00000000
GDPGVKQRI	=	70000.00000000
APDVSALNA	=	70000.00000000
EGPDRRGGF	=	70000.00000000
DTRAGERTR	=	70000.00000000
RIYELFSEA	=	70000.00000000
DELRLAVRA	=	70000.00000000
VLYSPLQDE	=	70000.00000000
VSTEDWPQD	=	70000.00000000
DMNSSQATG	=	70000.00000000
