SDIYKIREI	=	1.40000000
RDGARFGEL	=	8.10000000
VDISNVVSPL	=	13.00000000
RDIALEVEI	=	14.00000000
ADMERLSRL	=	15.00000000
KDMDIITKF	=	16.00000000
GDMKNKVVI	=	16.00000000
RDVDGTPTL	=	25.00000000
IDMKLIATL	=	47.00000000
KDMSMAPLT	=	50.00000000
SDIYDSTSF	=	67.00000000
KDMLPVDVI	=	72.00000000
SDMLKVPQL	=	87.00000000
ADMERFRVL	=	155.00000000
RDYTTTISTL	=	161.00000000
GDMSMCALI	=	163.00000000
RDLVERARLL	=	204.00000000
HDYFRVNASV	=	357.00000000
RDEHLAGSI	=	409.00000000
RDVKTENIFI	=	435.00000000
SDGRTHPVV	=	456.00000000
RDFKIREGLA	=	524.00000000
RDNMLEDLEI	=	526.00000000
RDLVVVDSV	=	636.00000000
KDQRPKSAL	=	649.00000000
ADQLLGLDVI	=	658.00000000
VDHVKGENI	=	668.00000000
ADLQNFTMTL	=	671.00000000
MDYDRVNIF	=	768.00000000
LHLYTVPTI	=	1005.00000000
RGFAICTYV	=	1009.00000000
RSLISALYV	=	1019.00000000
YHIYMRAAL	=	1026.00000000
TLVALRVDI	=	1111.00000000
VDASASTGL	=	1144.00000000
VDQMFVLLEI	=	1158.00000000
VDLYTEIAL	=	1244.00000000
IDVDMNLRLI	=	1457.00000000
SEFCRVALL	=	1490.00000000
SDYMLLQEA	=	1548.00000000
VDYAAIPWV	=	1645.00000000
PPARDGARF	=	1655.00000000
AQLLLTEDI	=	1783.00000000
ARLQALSTL	=	1969.00000000
ADLYRFSSSL	=	2039.00000000
RDLRVKNRV	=	2939.00000000
SDVASYKSI	=	3688.00000000
RDETVRCDNI	=	3866.00000000
TQAVFSIPSL	=	4153.00000000
SKFAERHKNL	=	4568.00000000
HVLDLLSVI	=	5051.00000000
AWTVTQAVF	=	5081.00000000
ALLPATLTI	=	5858.00000000
IDILLPSDL	=	6410.00000000
QDFKEKLLF	=	7144.00000000
YDLGDAVGV	=	7878.00000000
SVFIKFVGL	=	8895.00000000
ADENTLTYAL	=	9242.00000000
HDEMWEVVI	=	9564.00000000
RRFLHPDFI	=	10865.00000000
ADQLATALL	=	11164.00000000
QKSFILQSL	=	11868.00000000
VDATTDTMV	=	12266.00000000
SRGTFVMREN	=	14648.00000000
RFFETRLGI	=	15003.00000000
MDPAWRRRI	=	15278.00000000
NDLILALAI	=	15369.00000000
HKIDLPYKEI	=	15545.00000000
DDAPLSTPAV	=	16096.00000000
AVLTSSTLF	=	16495.00000000
SDNETASMF	=	18890.00000000
RCLYAVSEL	=	20847.00000000
SYYMYRIVAR	=	21371.00000000
SVLRDFSFI	=	22433.00000000
KHFFERCTL	=	22641.00000000
SDVWLFSEP	=	22642.00000000
GILRSEVRI	=	26457.00000000
HDQASFIGL	=	26633.00000000
RDEGQQTDM	=	29740.00000000
AEAEPLVLPI	=	34879.00000000
FPEAWRPAL	=	36037.00000000
VDYTQKNHSV	=	40419.00000000
RKFAAINII	=	41474.00000000
DSRDGLWDD	=	48314.00000000
SPAPRVRSI	=	48580.00000000
LDAWGVQQV	=	50889.00000000
RDRRTEQRL	=	51111.00000000
RRYARGKEC	=	52703.00000000
AALPSEVYL	=	56832.00000000
AISQYHIYM	=	58062.00000000
RKSIHVTSI	=	59528.00000000
ACVLACQAV	=	60523.00000000
FEYDQRTLI	=	60881.00000000
EGARARASA	=	61770.00000000
LEGVREANL	=	64550.00000000
RLYVVCGEL	=	65841.00000000
PLIRAASAA	=	70000.00000000
SKFAERHKN	=	70000.00000000
KRYFKFGKE	=	70000.00000000
LLEPDAEAE	=	70000.00000000
LDVDFGIKRR	=	70000.00000000
REFAKRAEQ	=	70000.00000000
RHLSRAVLT	=	70000.00000000
HDYDSSTED	=	70000.00000000
KLVARVEEL	=	70000.00000000
KHERNRKEL	=	70000.00000000
KEYVYYENY	=	70000.00000000
GSLQTLPPL	=	70000.00000000
GHVDLYTEI	=	70000.00000000
SELLIPELL	=	70000.00000000
SEYHDHGEM	=	70000.00000000
HKFKQVVRD	=	70000.00000000
MDSYNYRDF	=	70000.00000000
STKQYNALV	=	70000.00000000
EAEPLVLPI	=	70000.00000000
AAGNALWAL	=	70000.00000000
APDLYDFIE	=	70000.00000000
GDVLGEHKI	=	70000.00000000
FGSRSTSVL	=	70000.00000000
EAWRPALTF	=	70000.00000000
SYFVHFHAM	=	70000.00000000
GAGATTATC	=	70000.00000000
SLMHKFKQV	=	70000.00000000
DEAGRPDSL	=	70000.00000000
SKVVFEIENY	=	70000.00000000
VDDAPLSTP	=	70000.00000000
VDFGIKRRV	=	70000.00000000
AAFARLYPD	=	70000.00000000
VDFTKYVTN	=	70000.00000000
RKFVKHVVS	=	70000.00000000
CLPEPDDEL	=	70000.00000000
AASQQQPEA	=	70000.00000000
VEPSELLIP	=	70000.00000000
VLPDYDGCK	=	70000.00000000
