SDYVKVSNI	=	0.66000000
RDFAVGGGLL	=	1.10000000
RDLPSHTKI	=	4.50000000
LDMLNGGFI	=	10.00000000
KDYSKKVTMI	=	16.00000000
RDLSKTMSL	=	17.00000000
KDVEGSTSPQI	=	43.00000000
KDTKQILRI	=	77.00000000
SDINVEAEL	=	77.00000000
RNIDKGPVI	=	87.00000000
ADFDGVLYHI	=	92.00000000
SDFAPDLYDF	=	128.00000000
SDFVQVRLI	=	137.00000000
YDLQAVKDFI	=	164.00000000
QDVISRVDAI	=	181.00000000
SDLLAALDKI	=	207.00000000
ADYNRFQSL	=	263.00000000
SDREFITYI	=	265.00000000
SDDMLVALV	=	312.00000000
RQMSGAQIKI	=	357.00000000
CDHQRLSDV	=	419.00000000
CDLSFDGEL	=	475.00000000
RDTPEASPV	=	513.00000000
YDIDSVVNV	=	570.00000000
RGYHKRRRF	=	704.00000000
PDPEDVKVV	=	749.00000000
MDATANAQL	=	752.00000000
ADLRADVVT	=	756.00000000
IDFALTADSI	=	849.00000000
KDIVVTRVW	=	869.00000000
SDNPNLNAV	=	937.00000000
RDAVMRGENL	=	988.00000000
ADDPSLSLI	=	1073.00000000
PDMTPGASV	=	1132.00000000
RDMLLKTRDY	=	1208.00000000
KIITPHPSV	=	1208.00000000
KQLQHYRETI	=	1257.00000000
SDSESASSL	=	1264.00000000
RDLGLAVERL	=	1568.00000000
PDIASTSPLI	=	1623.00000000
TDLHEPQTL	=	1883.00000000
EDVAVLRLI	=	2364.00000000
FDREAPSSL	=	2661.00000000
ADLGLAGTV	=	2680.00000000
AALALVVLI	=	2752.00000000
KDFIRTYNV	=	2779.00000000
SAMEKWNEDM	=	3000.00000000
MDKTSGARF	=	3522.00000000
SDPRVKIFMA	=	3936.00000000
RDFKIREGL	=	4236.00000000
KTFMTTAVV	=	4962.00000000
ADQRRGVHV	=	5360.00000000
SEFKKMMDL	=	6338.00000000
QAPRALGPM	=	6386.00000000
HHLQYIINTV	=	6386.00000000
RDEAGRPDSL	=	7124.00000000
RELEAVIKEI	=	8249.00000000
KQYNALVRMV	=	8712.00000000
RHLPHALSV	=	8737.00000000
PELLSEFCRV	=	9626.00000000
SQRSDFAPDL	=	9842.00000000
VDFWRARDNM	=	10824.00000000
HFVGKLVPI	=	10850.00000000
HDAENFLKQL	=	11198.00000000
AAILAFVFV	=	11270.00000000
MILMHATYF	=	11402.00000000
GKYFYCNQI	=	11532.00000000
LDPDSIPMI	=	12146.00000000
RHFFLHVCF	=	12250.00000000
TVTQAVFSI	=	13177.00000000
RDYIAHNVN	=	15619.00000000
FTLPAYTFV	=	16499.00000000
KVYLHRDNVI	=	16538.00000000
SVANPLPHI	=	17366.00000000
SRLDIASTV	=	17427.00000000
KLIVNMKSM	=	17693.00000000
IDFTLCIIQM	=	21570.00000000
LQDEDLLGGL	=	23173.00000000
RKVARNREAI	=	23256.00000000
RDSEHIYET	=	25445.00000000
QDMAFIIVRS	=	26633.00000000
ADEDLYSDI	=	28012.00000000
YDLQIARAV	=	29966.00000000
RDCGQREIV	=	30257.00000000
SDVSEFKKM	=	31558.00000000
AVLGAAVYV	=	32444.00000000
TQKSFILQSL	=	34300.00000000
KTWFLVPLI	=	35702.00000000
RYMQAHSRV	=	36096.00000000
ITGSVANPL	=	37987.00000000
KVYLHRDNV	=	38243.00000000
LDLSAVPTRV	=	39443.00000000
IDGAGDVELV	=	45828.00000000
YDFIESNDF	=	47673.00000000
RINYRRREL	=	51031.00000000
APLPPGAFI	=	51717.00000000
RRYARKRRH	=	55679.00000000
GLYRRVIEI	=	56467.00000000
EDLLAEIDAI	=	56574.00000000
REYLKKEDLL	=	70000.00000000
LDYTKYTED	=	70000.00000000
HDGFIRRTM	=	70000.00000000
RWYKNAREV	=	70000.00000000
HVFPHKHMT	=	70000.00000000
HKPYSVRVI	=	70000.00000000
HDAENFLKQ	=	70000.00000000
SDPPPMGRV	=	70000.00000000
HAPRGHGSF	=	70000.00000000
HDYFRVNAS	=	70000.00000000
HKFFELING	=	70000.00000000
RLYSSHKEV	=	70000.00000000
GDRPAAGAA	=	70000.00000000
GDAHRRQCV	=	70000.00000000
SRFAYVKFI	=	70000.00000000
SRFEHKNLK	=	70000.00000000
DPEDVKVVV	=	70000.00000000
GARILEYLE	=	70000.00000000
FVVAVTIVEI	=	70000.00000000
ALSLYELRD	=	70000.00000000
MDRRSEAFKI	=	70000.00000000
ALRRAPIKI	=	70000.00000000
YDRTQKSFI	=	70000.00000000
DDPEIVLAA	=	70000.00000000
CQAVFEALL	=	70000.00000000
TLFDFFKQI	=	70000.00000000
RDAVMRGEN	=	70000.00000000
SFFGGLQHI	=	70000.00000000
PDLTNFKCI	=	70000.00000000
NDFGEDPLI	=	70000.00000000
VPGLDPSEI	=	70000.00000000
WDQHLVPAV	=	70000.00000000
WEPGFGSRS	=	70000.00000000
AEAQAPVPV	=	70000.00000000
AEGPDRRGGF	=	70000.00000000
AQPASPAPS	=	70000.00000000
TKWKEVDEL	=	70000.00000000
