TEGEGRVI	=	0.00630000
SDYEGRLI	=	0.22100000
YEDTGKTI	=	0.31200000
EEGEGRVI	=	0.38000000
QELLMGSFGI	=	1.53454082
AELEAFLM	=	1.74780067
FDLASWIKYI	=	1.75209867
AELLAACF	=	1.94870133
SENERGYYI	=	2.94078400
SELSPLLL	=	3.00000000
AELLAACFA	=	5.17160933
YELQKLNSW	=	5.73241133
TENSGKDI	=	7.14190467
DELDYENDI	=	10.00000000
EEMIKKSEI	=	10.27747133
SEFRWYRYSV	=	12.65687536
REEELRKRL	=	13.62214867
GETYGRLLGEV	=	29.27232133
TEEKIKAL	=	30.00000000
FEDLRVLSF	=	31.90992933
EDVWQLFETSI	=	34.29150000
LENKEGCQKI	=	70.98599333
NDTNYSGFM	=	76.61994733
LDLAIQQLQNL	=	97.49800600
VELLSFLPSDF	=	115.25641000
VESENKVV	=	125.00000000
QEVKMVAW	=	133.86151333
LEQTVKKPL	=	145.99999985
CEARIELVV	=	158.09979541
SEYRHYCYSL	=	226.14428181
WDQMWKCL	=	250.00000000
IDTLTCGFA	=	288.30769200
AETAGARL	=	326.05797133
YEDLRVLSF	=	348.83720900
FEMTGNLI	<	500.00000000
FESTGNLF	<	500.00000000
FESTGNPI	<	500.00000000
AESTGNLI	<	500.00000000
VTGLIGSI	<	500.00000000
DESTGNLI	<	500.00000000
EEEPVKKI	<	500.00000000
TESTGNLI	<	500.00000000
FDSTGNLI	<	500.00000000
FESFGNLI	<	500.00000000
FEATGNLI	<	500.00000000
QESTGNLI	<	500.00000000
FESTGPLI	<	500.00000000
FESTGQLI	<	500.00000000
FESTGNMI	<	500.00000000
FESRGNLI	<	500.00000000
FESTGNKI	<	500.00000000
LESTGNLI	<	500.00000000
KESTGNLI	<	500.00000000
TELEISSI	<	500.00000000
SDYEGDLIQNSLTI	<	500.00000000
FLSTGNLI	<	500.00000000
HESTGNLI	<	500.00000000
FESTGFLI	<	500.00000000
FESTGNDI	<	500.00000000
FESTGNFI	<	500.00000000
FESTGNHI	<	500.00000000
FESTENLI	<	500.00000000
FESYGNLI	<	500.00000000
FESKGNLI	<	500.00000000
FESMGNLI	<	500.00000000
REQANSVETI	=	512.96542800
IEANLLWRQEM	=	576.94871800
GDYKLVEITPI	=	642.15430333
TELTYLQYGW	=	791.86842200
SDEEEAIVAYTL	=	882.23529400
KEGCQKILSVL	=	910.04460800
VDSQYVMGI	=	1122.73923467
WDFISTPPL	=	1136.94220400
QELKNSAVSL	=	1152.56410267
REEELRKRLRL	=	1491.77974600
IEDPPFNSL	=	2587.47126467
RETVLEYLV	=	2883.07692333
AEAEYEENKI	=	3030.97648333
LEVVTSTW	=	3190.99290800
YELHPDKW	=	3190.99290800
GEGAVQWM	=	3750.00000000
PEYDLELI	=	4287.14285733
LSDYEGRLI	>	5000.00000000
FWSTGNLI	>	5000.00000000
FRSTGNLI	>	5000.00000000
FESTGNLD	>	5000.00000000
FESTGNLP	>	5000.00000000
FFSTGNLI	>	5000.00000000
SDKHIEQYL	=	5769.48717933
CECYDAGCAWY	=	6000.00000000
AEYEENKIIL	=	7072.33644067
QDFTEVQLGI	=	7300.94153133
IDFRELNRV	=	7699.93669000
GEFLYCKMNWF	=	8209.65027933
AENLYVTVF	=	11538.46153900
TEQAIEDVW	=	11810.40488067
AEVAELYRL	=	11898.21688533
QDSLKESRKL	=	15000.00000000
KEKGGLEGL	=	17227.58620667
KEKGGLEGIYY	=	17424.00958733
GDYSEVAL	=	17818.91433233
AEQFKQKAL	=	18300.00000000
ADLMGYIPL	=	18300.00000000
REPRGSDIA	=	18300.00000000
LDVGDAYF	=	18300.00000000
VDYPYRLW	=	18300.00000000
VDFSLDPTF	=	18300.00000000
REAVNHLPREL	=	47006.50827333
KEEGIIPDW	=	49470.98579400
AEVVPGFQAL	=	53971.85333333
RELNRVTQDF	=	60622.60417300
PKDELDYEN	=	1000000.00000000
AHGSGRVI	=	1000000.00000000
