FEWLNRTV	=	0.46700000
NEILIRCII	=	1.67295844
SESRLVNQI	=	1.96716867
LESITKKQL	=	2.17260867
IEVLGKRI	=	3.27716000
TEMEKEGKI	=	7.14190467
AERLINMI	=	7.46696200
SEVLEIPLI	=	8.01534708
VEIEVLGKRI	=	8.69824533
GEIPFYGKAI	=	10.70952400
IEYIHFLIRQL	=	11.11655333
EELRKRLRLI	=	14.77163467
NEQVDKLV	=	16.86928867
NEKRRFHNI	=	19.48701267
IDHLVSQGI	=	22.99911733
LEENITALL	=	41.40836467
QELLRLTV	=	45.18090400
LEHDRVVL	=	65.63329667
KEYKNVEI	=	86.00947600
IEELRQHLL	=	107.09523800
QEIDHLVSQGI	=	114.11539733
NEKSFKDI	=	123.00000000
WDEWVVEVL	=	165.18485533
CESDIEKKI	=	200.00000000
AELYRLEL	=	217.03796200
WEQWWTDYWQV	=	234.31678667
SEDEDEDEV	=	288.30769200
CDELAAKL	=	312.33333333
HEREEELRKRL	=	332.79609000
AEFKYIAAV	=	333.33333300
NEGLGWAGW	=	384.74359000
LELGDYKLVEI	=	459.26941933
NDRPKQAWCW	=	469.21251533
FENTGNLI	<	500.00000000
FERTGNLI	<	500.00000000
FEITGNLI	<	500.00000000
FESTGNNI	<	500.00000000
FEETGNLI	<	500.00000000
FEFTGNLI	<	500.00000000
VESTGNLI	<	500.00000000
FASTGNLI	<	500.00000000
FESTMNLI	<	500.00000000
TEMESEGKI	<	500.00000000
FESTGNLM	<	500.00000000
YEMDIEKKI	<	500.00000000
FESTGNLV	<	500.00000000
FESTGNLW	<	500.00000000
FESTYNLI	<	500.00000000
FESTPNLI	<	500.00000000
FESTGNRI	<	500.00000000
FESTHNLI	<	500.00000000
FESTGNSI	<	500.00000000
FESTGRLI	<	500.00000000
FESEGNLI	<	500.00000000
SEIVGKRI	<	500.00000000
KEAKAKVI	<	500.00000000
FEYTGNLI	<	500.00000000
FISTGNLI	<	500.00000000
TEMEAEGKI	<	500.00000000
FEVTGNLI	<	500.00000000
FEWTGNLI	<	500.00000000
FESHGNLI	<	500.00000000
FESTGALI	<	500.00000000
FESPGNLI	<	500.00000000
FESWGNLI	<	500.00000000
AEMGKFKYSF	=	535.71428600
EDLDEFKPI	=	937.66666667
AEYEENKI	=	966.91857733
KEMKAKVI	<	1000.00000000
TEMAKEGKI	<	1000.00000000
KELVFKFGL	=	1227.22733533
GEGAVILKV	=	2161.41251933
GEFLYCKM	=	2670.37148600
REHQGNEI	=	2900.00000000
CECKFVVQL	=	2940.78431400
REPRGSDI	=	3000.00000000
WDQSLKPCV	=	3123.33333333
WEELGEEIRL	=	3409.39393933
LEVQGYWHL	=	3510.05373733
KEHVIQNAF	=	4287.14285733
RPQASGVYMGNLTAQ	>	5000.00000000
FHSTGNLI	>	5000.00000000
KEMKAKVA	>	5000.00000000
TEMEKEGKA	>	5000.00000000
GDYKLVEI	=	5272.68433333
CDKCHQKGEAI	=	6050.13869133
RENANQLVV	=	6521.15942000
AERKQREAL	=	8949.66858733
AEQATSNYY	=	9401.30254700
GDNEILQIV	=	10000.00000000
AEQASQDVKNW	=	10709.52380800
AEVAELYRLEL	=	12200.33077167
IEGQPVEVL	=	16004.07058567
REVLRTEL	=	16394.68164567
DDLYVGSDL	=	18300.00000000
IDTLTCGF	=	18300.00000000
GEIPFYGKA	=	18300.00000000
LELAENREI	=	18300.00000000
NETPGIRY	=	18300.00000000
KDSTKWRKL	=	18300.00000000
AETFYVDGA	=	18300.00000000
GDGNPDPNA	=	18300.00000000
FDKDKELTM	=	18300.00000000
LDTGADDTV	=	18300.00000000
AENLWVTVY	=	18300.00000000
EDLVNLLPA	=	18300.00000000
EDDEDLDEF	=	18300.00000000
DEFKPIVQY	=	18300.00000000
AETGQETA	=	18300.00000000
YADDIEKKI	=	22000.00000000
LDVVKRQQELL	=	25477.20619867
GEISPYPSL	>	62500.00000000
KKICKMEKC	=	1000000.00000000
