FEFAFKDLF	=	0.62600000
FEANGNLI	=	0.78900000
IEGGWTGMI	=	1.00000000
SEFLLEKRI	=	1.15256400
LELGDYKLV	=	1.32164600
VEAEIAHQI	=	2.50000000
SELYKYKVV	=	2.63105267
EEGAIVGEI	=	2.77851867
KEGKAGYI	=	4.47783800
SENDRYRLL	=	4.68750000
FEFAFKDLFV	=	8.63063922
LEEMLTACQGV	=	10.11616667
KEALAPVPI	=	11.28184267
LERWHSLI	=	12.68898067
SESRLVNQII	=	12.81741400
AEQATSNYYI	=	13.13228343
WERKVDFL	=	13.57853000
SEGCTPYDI	=	16.78806933
WEFVNTPPL	=	17.42790667
AEWDRVHPV	=	18.51234600
IEAQQHLL	=	19.72456133
TEDLLHLNSL	=	23.96716000
DEEEAIVAYT	=	27.28181800
TDSQYALGI	=	65.21159400
AEAEYEENKII	=	69.12117000
EEFRQYTAFTL	=	86.96743000
QEWERKVDFL	=	94.21753267
YELQKLNSWDV	=	113.25472800
GENPTWKQW	=	114.19061733
RETWTVNDI	=	122.77318200
KEKIVALREI	=	148.11644733
SEYRHYNYSL	=	159.01524060
QTFVVGCI	=	160.00000000
AEAALENLV	=	197.24561400
LELTEVFEF	=	261.73574947
GEAMHGQV	=	272.81818200
WEFVNTPPLV	=	306.08163267
SENLKSLYNTV	=	370.86043067
LEVVTSTWV	=	394.82456133
IELGPHYTPKI	=	442.81710400
FESTGNLA	<	500.00000000
FESAGNLI	<	500.00000000
FEHTGNLI	<	500.00000000
AEMEKEGKI	<	500.00000000
AEMKAKVI	<	500.00000000
EESTGNLI	<	500.00000000
FESTRNLI	<	500.00000000
FESTGNLL	<	500.00000000
FESTKNLI	<	500.00000000
FESTGNWI	<	500.00000000
FESTGTLI	<	500.00000000
PESTGNLI	<	500.00000000
TEMEAAGKI	<	500.00000000
KEMKAKAI	<	500.00000000
YESTGNLI	<	500.00000000
FTSTGNLI	<	500.00000000
FVSTGNLI	<	500.00000000
FESTGDLI	<	500.00000000
FESTGKLI	<	500.00000000
FESTGLLI	<	500.00000000
FESTGNEI	<	500.00000000
FESTGNGI	<	500.00000000
FESNGNLI	<	500.00000000
FESQGNLI	<	500.00000000
FESTDNLI	<	500.00000000
IELPQRETWTV	=	534.00000267
EEKAAKETL	=	882.23529400
LEGAGELIRI	=	911.11395333
TEMESAGKI	<	1000.00000000
TEMEKAGKI	<	1000.00000000
REHNGNEI	=	1100.00000000
KELQRREVY	=	1152.56410267
GDAYFSVPL	=	1362.42424267
IEAEVIPA	=	1648.90109867
KDLQKVCYV	=	2032.08343467
LEDGVNYA	=	2239.20398000
ADTAACGDI	=	2541.58192067
GERPSGMF	=	2541.58192067
RETLQEIVL	=	3260.57971000
VEKDVWEQW	=	3307.61337733
AEALKEALAPV	=	4578.99055867
GELIRILQRAL	=	4652.01739867
ADDSIVTGI	=	4831.34220133
FESTGNLY	>	5000.00000000
FKSTGNLI	>	5000.00000000
FESTGNLH	>	5000.00000000
FESTGNLQ	>	5000.00000000
YPHFMPTNL	>	5000.00000000
TEAEKEGKI	>	5000.00000000
TEMEEEGKI	>	5000.00000000
SDYEGRLIQNSLTI	>	5000.00000000
MDGPKVKQW	=	5171.60919533
GDLCGSVF	=	5769.48717933
KEAIVIWGQV	=	8501.44429267
GELSYLNV	=	9376.66666667
LEENITAL	=	12717.80318033
EDLLHLNSLF	=	12890.10165967
AEQFKQKA	=	18300.00000000
KEPFRDYV	=	18300.00000000
KEPPFLWM	=	18300.00000000
PDLSDGSW	=	18300.00000000
SEGATPQDL	=	18300.00000000
VDCSPGIW	=	18300.00000000
PESDAAARV	=	18300.00000000
QDFWEVQL	=	18300.00000000
VDPNANPNA	=	18300.00000000
RDYGKQMA	=	18300.00000000
REPWDEWVV	=	300000.00000000
ENDIEKKIC	=	300000.00000000
ELDYENDIE	=	1000000.00000000
LDYENDIEK	=	1000000.00000000
DYENDIEKK	=	1000000.00000000
KPKDELDYE	=	1000000.00000000
