HETTYNSI	=	0.65200000
SEITIRCII	=	1.00554927
YEANGNLI	<	2.00000000
HELSSALEI	=	2.72232389
LEQTLKKCL	=	3.06081600
TERQANFL	=	3.28957674
FESTGNLI	=	5.44100000
YENDIEKKI	=	5.52930678
AEYEENKII	=	8.08956733
EEMLTACQGV	=	9.67750933
LEKEEGII	=	10.60937600
FETSIKPCV	=	11.80755133
SENDRLRLL	=	12.27957968
LERWHSLIKYL	=	14.21050133
NEEPSDKHI	=	15.00000000
LEQQYNKPL	=	19.97997255
FEWLNRTVEEI	=	21.00712867
CEKMALYDV	=	23.42500000
EEAIVAYTL	=	27.78518533
AEHLKTAV	=	28.30125800
WEQWWTDYW	=	28.50707867
TESESRLVNQI	=	34.61880667
VESMNKEL	=	41.67777800
KEQHKRNYV	=	47.22972667
VETIVLMAV	=	66.71141733
SEYRHYNYSV	=	71.41904733
EENIGIYKEL	=	88.22352933
DEVDLYLLM	=	93.76666667
LEGAGELI	=	99.18485667
DEGEGRVI	=	120.00000000
DELRLNCVY	=	129.05694152
EEEAIVAYTL	=	150.00000000
KEKGGLEGI	=	162.76103933
YELWPTKWKL	=	196.80308067
AESKSVII	=	225.00000000
SEYRHYQYSL	=	246.37453359
YELWPTKW	=	255.73277933
HETTFNSI	=	270.00000000
KEALAPVPIPF	=	279.30519467
NELDPVDLL	=	283.01257867
TEAMTRYSA	=	300.00000000
QEQMISCKFNM	=	363.13242267
LELWERGTL	=	429.09039800
IELPQRETW	=	468.98180000
FEKTGNLI	<	500.00000000
FELTGNLI	<	500.00000000
FEDTGNLI	<	500.00000000
FESTLNLI	<	500.00000000
TEMEKEGAI	<	500.00000000
FESTGNLN	<	500.00000000
FESTWNLI	<	500.00000000
FESTVNLI	<	500.00000000
FESTGYLI	<	500.00000000
FESTGVLI	<	500.00000000
FESTNNLI	<	500.00000000
RESTGNLI	<	500.00000000
SESTGNLI	<	500.00000000
IESTGNLI	<	500.00000000
TEMEIEGKI	<	500.00000000
TEMEKEAKI	<	500.00000000
FQSTGNLI	<	500.00000000
FSSTGNLI	<	500.00000000
FGSTGNLI	<	500.00000000
FESVGNLI	<	500.00000000
FESIGNLI	<	500.00000000
QDNQWSYKI	=	535.66805667
EDLYGRLEI	=	714.19047600
LDPYARVAI	=	789.47368400
AEHTGREI	=	930.00000000
FETSIKPCVKL	=	1070.95256333
EDLLHLNSL	=	1078.39558933
REPHNEWTL	=	1152.56410267
TEPAAVGVGAV	=	1250.00000000
FEDPTRRPY	=	1667.77777800
AENLWVTVYY	=	2008.12368044
LEIPLIDLRL	=	2452.76227518
AEPQRHTML	=	3659.02439000
VDILAGYGA	=	3847.43589733
VDEQIQWM	=	4549.21938867
FESTGNLR	>	5000.00000000
FESTGNLE	>	5000.00000000
FESTGNLG	>	5000.00000000
KAMKAKVI	>	5000.00000000
FESTGNLK	>	5000.00000000
TEMEEAGKI	>	5000.00000000
TAMEKEGKI	>	5000.00000000
VDFLEENITAL	=	5521.57752267
SEIWRDIDF	=	6250.00000000
VDFLEENI	=	9562.19225800
GDMTPAERL	=	9707.03586467
RDRSELSPL	=	10000.00000000
REGDLTCNSTV	=	10430.95482533
REPWDEWVVEV	=	12281.92692000
PDTRPAPGS	=	12500.00000000
DDDDKKKYI	=	13624.24242533
REVLRTELTYL	=	13867.32845900
GEPGDPDL	=	18300.00000000
TDPSHITA	=	18300.00000000
AEAALENL	=	18300.00000000
PDKWTVQPI	=	18300.00000000
KDCTERQA	=	18300.00000000
AETGQETAY	=	18300.00000000
LDQAETAGA	=	18300.00000000
ADGGCSGGA	=	18300.00000000
PEKGGRKPA	=	18300.00000000
GELDRWEKIRL	=	20280.18018000
KELLNSIGF	=	24012.81538033
KEGCQKILSV	=	24586.83813333
AEPGKRYIYKV	=	51831.72315900
GELIRILQRA	=	136000.00000000
IEKKICKME	=	1000000.00000000
KDELDYEND	=	1000000.00000000
KICKMEKCS	=	1000000.00000000
