RMAATAQVL	=	79.00004662
ALPPRAFEL	=	81.00030744
KQLESVMYL	=	834.00065530
RMMETWHPL	=	3542.00784300
IMANRAQVL	=	4077.00109000
KSFSTHHHM	=	19999.92337000
AQMVWIHGV	=	19999.92337000
EMVLRADQL	=	19999.92337000
RAYWIHLMM	=	19999.92337000
LEYGANYFL	=	19999.92337000
KAYAQMWSL	=	19999.92337000
PMAPLAPLL	=	19999.92337000
RAPKVRLSL	=	19999.92337000
YQLGDYFFV	=	19999.92337000
SLPPNFSSL	=	19999.92337000
YMLDMTFPV	=	19999.92337000
YLMPYSVYI	=	19999.92337000
WLPPLLTNL	=	19999.92337000
