VMPPRTLLL	=	1.00000000
TMPRRAPAL	=	5.00002054
RMPKVARSL	=	292.99841630
MMKYLAFGL	=	1353.00571600
MQLPGGWLL	=	1509.00000000
AMRWGHLPL	=	2901.00730900
APSYRNFSF	=	19999.92337000
FMFDYIPPV	=	19999.92337000
GLDSRAYRL	=	19999.92337000
RENGGYWLL	=	19999.92337000
QMRPVSRVL	=	19999.92337000
YTFTSLFSL	=	19999.92337000
QLAPGLQLI	=	19999.92337000
VMADRTRHL	=	19999.92337000
VEYHYTFYI	=	19999.92337000
SEYKAAGYL	=	19999.92337000
RLANLLPLI	=	19999.92337000
RAWPSAHAI	=	19999.92337000
WMCDRAVDL	=	19999.92337000
KTFSAHNLF	=	19999.92337000
