VMAPLGPIL	=	20.00009317
QMRACARRL	=	36.00008817
IASPAWFLF	=	321.99890010
YLYPWSLGL	=	12381.94233000
FTWQHNYYL	=	19999.92337000
KAMSTPFSL	=	19999.92337000
KAYANMWSL	=	19999.92337000
MAYGFFNNI	=	19999.92337000
YMYQYIQEL	=	19999.92337000
RVYSDHQAL	=	19999.92337000
SAWESFWRI	=	19999.92337000
STPAILHIM	=	19999.92337000
YLIPAVTSL	=	19999.92337000
RLIWSHHHI	=	19999.92337000
VTFWGFWLF	=	19999.92337000
YARRYFYPL	=	19999.92337000
VLPACLGIL	=	19999.92337000
KQIPIWLPL	=	19999.92337000
YTMDGEYRL	=	19999.92337000
