VMAPRTLIL	=	1.00000000
ILPSDAPVL	=	4.00000221
IMDASSFTL	=	19.00002630
VLRPGGHFL	=	1493.00155000
SLYSGFPSL	=	2421.00753700
LAYASYFSF	=	19999.92337000
GMNVTAPAL	=	19999.92337000
REWGWRIPF	=	19999.92337000
MAWERGPAL	=	19999.92337000
MMMGMFNML	=	19999.92337000
QMKFYAVAL	=	19999.92337000
QQYAGWSAL	=	19999.92337000
RAYRNALSM	=	19999.92337000
KMNAKAATL	=	19999.92337000
WMYEGKHVL	=	19999.92337000
KQLEWKWGI	=	19999.92337000
YMYRVWSPL	=	19999.92337000
YMYAVSGAL	=	19999.92337000
KQWGWFALL	=	19999.92337000
WQFAIHYSF	=	19999.92337000
