VMAPRTLVL	=	1.00000000
RLPAKAPLL	=	1.00000000
LLPRRGPRL	=	182.00000000
AMMWRIAQL	=	1009.99532900
IAPWYAFAL	=	2262.99693900
RLAPGGTTI	=	19999.92337000
KQWSWFSLL	=	19999.92337000
GQFLSFASL	=	19999.92337000
FMYSDFHFI	=	19999.92337000
LMGAEADAL	=	19999.92337000
LPAERAHEL	=	19999.92337000
AELRHLNPL	=	19999.92337000
RVYAELAAL	=	19999.92337000
SEWGWRIPF	=	19999.92337000
RSFPEWDYI	=	19999.92337000
YMKPGSSPL	=	19999.92337000
KQLEYSWVL	=	19999.92337000
RLGLCALAL	=	19999.92337000
YLIPFIWFV	=	19999.92337000
