MIIMLIPTV	=	0.63400000
RMVLAFITFL	=	1.76192500
MLWMADVPL	=	2.72379000
VLSIVSLFPL	=	8.00265750
WLVHKQWFL	=	15.00814200
MMLVAPSYGM	=	23.50881900
LLMLVTPSM	=	24.30579200
QLANAIFKL	=	24.43326450
ALVAFLRFL	=	24.80236900
LLLVAHYAI	=	29.84157450
VLMMRTTWAL	=	34.60045900
QLWATLLSL	=	50.61451450
GLFPVSIPI	=	69.94513000
IILEFFLIV	=	89.80520300
LLFKTSVGV	=	90.32490300
YQLWTALVSL	=	91.43039000
FLDLPLPWA	=	108.42552100
RLITANPIV	=	121.07216450
LLFKTSAGV	=	126.44060200
TLLCLIPTV	=	151.29355550
LLLTLLATV	=	157.46088050
CLMMILPAAL	=	170.36481000
FLNEDHWFS	=	185.38309450
TLTAAVLLLV	=	219.19941900
LMMMLPATL	=	227.47157500
ALIAVLTGGV	=	236.26567800
SLCLMMILPA	=	250.14703550
CLMMMLPATL	=	253.44042000
ILALFLAHYI	=	266.21215250
TMFGGVSWMV	=	338.07797350
LLTGGAMLFL	=	347.48080350
KLLTKPWDV	=	379.05862150
GLNTFTNMEV	=	421.15588550
SMINGVVKL	=	425.47645000
TLYAVATTFV	=	490.19833300
YVVIAILTV	=	509.21848450
VLFTFVLLL	=	568.37464200
YAMCTNTFV	=	576.49436100
RLITVNPIV	=	621.30176850
KQITNELNYV	=	642.12411350
TMLLMLLPTA	=	661.42589000
IMAVGMVSI	=	785.38087000
IMAVGLVSL	=	802.44535950
RTIMAVLFVV	=	887.46239500
ILLVAVSFV	=	1181.19429150
STIALLIGV	=	1358.99455400
RLFMALVAFL	=	1384.32374450
HMIAGVFFT	=	1400.32247900
IMAAILAYTI	=	1601.80376250
FLIDGPETA	=	1680.01574150
YLDVDLHPA	=	1894.75117800
DLMEFIDGI	=	1974.20208500
GIMTIDLDPV	=	2083.24266500
LSMGLITIAV	=	2412.27649750
KTMAMVLSIV	=	2864.33722700
KTMAMALSIV	=	3283.11969400
SIILEFFLIV	=	4022.64935800
SLSVSLVLV	=	4452.07860150
WTMKILIGV	=	6061.90112450
FMTATPPGA	=	6442.12038900
LLVKLALITV	=	6701.83889800
FTMGVLCLA	=	6741.58172650
YQLAVTIMA	=	10830.00556500
ILIGVVITWI	=	17809.50005500
ELMRRGDLPV	=	19921.56177000
CYVDIDVYCI	=	25856.13125000
AMGLVFICV	=	26640.25263000
DLMCHATFTM	=	70400.00000000
