FLLMDALKL	<	1.00000000
LLMRTSWAL	=	2.61115700
HMILAVVITL	=	9.50489400
YMPTVIEHL	=	10.24278950
LMLVAHYAI	=	15.82247500
KVLNPYMPTV	=	23.51009850
KVLNPYMPSV	=	26.41937500
DLMRRGDLPV	=	31.22929000
LMMRTTWAL	=	35.92608650
KLFMALVAFL	=	51.80464850
TSMAMTCIAV	=	62.53748850
MLLMLLPTAL	=	78.01294600
YLPAIVREA	=	104.10792500
FLEFEALGFL	=	107.25342200
GVFHTMWHV	=	109.49920550
LLLGLMILL	=	110.10844700
SIILEFFLMV	=	118.00603450
LQMEDKAWLV	=	119.48153050
FLEEMLRTRV	=	137.43149950
GLLCVMASSV	=	151.08132750
MLLMLLPTA	=	161.07895500
TMFGGVSWMI	=	166.22242650
LMMATIGIAL	=	171.09178650
AMALSIVSL	=	175.15975450
QLWTALISL	=	234.17717350
ITLLCLIPTV	=	240.16782900
FMNEDHWFS	=	244.09620000
QLWTTLLSL	=	259.10656600
FAGKTVWFV	=	293.35898750
MMATIGIALL	=	305.03327650
TMTDDIGMGV	=	313.15837450
ILLKATLLAV	=	318.40491300
IIFILLMLV	=	328.01964250
TMTLWYMWQV	=	433.04095700
ALSELPETL	=	446.45678600
FLDLPLPWAA	=	499.27359600
RLITANPVV	=	520.04171900
LMMTTIGVVL	=	577.49183500
KTMAMVLSI	=	693.14188650
LLLGLMILLT	=	697.27639800
KMDLGVPLL	=	698.49946650
SLLFKTEDGV	=	719.15556400
YLALIATFKI	=	885.22108950
ELMMTTIGVV	=	919.31631650
ILGFVFTLTV	=	1050.76015600
VLLLITHYAI	=	1052.87329250
ILLMLVTPSM	=	1114.54072450
LMMTTIGIVL	=	1194.44902850
KMDIGVPLL	=	1254.97067200
TLYAVATTFI	=	1303.99373150
IILEFFLMVL	=	1402.96089550
AAAWYLWEV	=	1421.99088500
LMMILPAALA	=	1841.55876200
ILGAQALPV	=	2553.04645700
LMLVALLGA	=	2923.40530200
ILIGFLVLWI	=	2990.22386850
FMTATPPGSV	=	3104.65033600
VLFVVTLIPL	=	3114.27793450
AVASGLLWV	=	3300.51377450
MMATIGIAL	=	3431.62921050
LIFILLTAV	=	3591.29037800
YQLAVTITA	=	3813.53596850
VLLLTIGLSL	=	3911.95930350
ILLTAVAPSM	=	5960.88984250
MLLALIAVL	=	7723.95071350
LLLLVAHYA	=	7934.37923500
TLMLLALIAV	=	9103.76427950
TLMLVALLGA	=	11046.66064000
QVMLLVLCAV	=	35116.90802000
NYKEICVAW	=	36898.13390000
