ALPVYLMTL	=	1.77456400
ILNPYMPSV	=	3.58052350
FLAIPPTAGI	=	4.20271800
ALSIVSLFPL	=	4.54411300
KILNPYMPSV	=	7.71362500
LMSGKDVFYL	=	8.67232550
YMPSVVETL	=	14.63073750
LLLMRTSWAL	=	15.33883900
ILLMRTTWAL	=	21.73975000
KLVMAFIAFL	=	22.41535150
FLAHYIGTSL	=	22.51893200
MTLWYMWQV	=	27.44988550
FVGKTVWFV	=	28.70710550
TMKEKSWLV	=	40.33450400
LLVISGLFPV	=	45.51768550
TLIASLVMLL	=	57.93548550
WLVHRQWFL	=	61.81858050
SMAMTCIAV	=	74.00012300
MILAVVITL	=	74.72954350
LMMILPAAL	=	78.40880200
QLWTALVSL	=	79.71736500
YMWLGARFL	=	94.22844600
YAMCLNTFVL	=	110.42336650
SLAAIANQAV	=	122.12857550
ALLGAMTAGI	=	126.35400450
LQMENKAWLV	=	142.13837200
MLLILCVTQV	=	158.19355100
YLALMATFKM	=	182.48346750
YQGKTVWFV	=	201.37865300
YAMCTNTFVL	=	218.14791600
CLWPKTHTL	=	251.43014200
ALLATSIFKL	=	257.22665300
TLMAMDLGEL	=	273.06802750
SLLFKTSVGV	=	416.12421100
CLMMILPAA	=	438.27894150
GMLWMAEIPL	=	557.28928800
LTAAVLMLV	=	561.05772500
VTYECPLLV	=	562.17893100
VLDDGIYRI	=	585.26023100
ALFSGVSWVM	=	686.25715550
TLATGPILTL	=	687.12470900
KLTDWDFVV	=	744.14976950
MLMTGTLAV	=	753.12907000
TIMAVLFVV	=	789.00144800
MLLVLCVTQV	=	843.25040300
FSLGLLCISI	=	942.27152100
TAAAWYLWEV	=	1022.15508150
FLDLPLPWTA	=	1210.52861000
VLVGVVTLYL	=	1573.89226600
TLYAVATTV	=	1624.01429850
FMKDGRSLV	=	1660.66536750
TLLVAVSFV	=	1804.88212150
TLAVFLLLI	=	1841.94292150
TLLLLGLMIL	=	2422.55107800
KLSMGLIAI	=	2480.91256700
WMTTEDMLAV	=	2511.22494300
LLVLCVTQV	=	5003.54126000
LLMLLPTALA	=	5210.99965500
FMMVLLIPEP	=	5730.90604150
LLILCVTQV	=	5972.85920400
LMAAILAYT	=	7833.57231400
SLCLMMMLPA	=	11705.27077500
TIMAAILAYT	=	12230.97545000
GLAMGIMML	=	15018.63944500
ILIGVIITWI	=	17633.55994500
FLMVLLIPEP	=	44733.97122500
ALIFILLTA	=	78100.00000000
DWSGYSGSF	>	78125.00000000
IYRRRDGKW	>	78125.00000000
