FLAHAIGTSI	=	1.85341400
LVISGVFPV	=	1.96008050
LLVISGVFPV	=	2.75280850
YMPTVIEEL	=	5.23285450
VLNPYMPSV	=	8.12375700
GLLCLTLFV	=	8.47052600
MLWMAEIPL	=	9.18024900
LVMAFIAFL	=	15.42634950
VLNPYMPTV	=	19.53026400
LMMTTIGVV	=	20.44728600
SVLLWMASV	=	20.94079200
LLATSIFKL	=	22.74068800
FTMRLLSPV	=	29.84258300
ALLAGFMAYM	=	34.03377900
YLEFEALGFL	=	45.32339350
LLAGFMAYMI	=	45.72022700
SLSMTCIAV	=	49.13169750
FIDGISLGL	=	56.12873050
YLALLAAFKV	=	62.32884700
GMLWMADVPL	=	65.30687150
MIAGVFFTFV	=	83.01205900
FSMGLLCLTL	=	84.04091050
ILWENNIKL	=	91.13580150
YQLWTALISL	=	104.26907650
VLAFITFLRV	=	120.47823800
TLMAIDLGEL	=	143.00680000
KQLGQVMLLV	=	172.30181250
IILEFFLMV	=	182.07870000
MLLILCTSQI	=	182.12366200
YAMCLNTFV	=	285.21821100
MIAGVLFTFV	=	423.25173550
KMLMTGTLAV	=	444.47378500
YVVIAILTVV	=	470.27731300
LILGAQALPV	=	482.43093750
ALFSGVSWI	=	483.40219500
LMLLALIAV	=	553.02703400
VLLLVTHYAI	=	561.24197800
WMTTEDMLSV	=	593.28946550
AIYGAAFSGV	=	627.05532200
IMAIGIVSI	=	699.29234850
KLARASFIEV	=	705.18697900
SMGLITIAV	=	776.44873250
GLLTVCYVL	=	802.46052750
MLLVHYAII	=	861.17283850
LMGLGKGWPL	=	917.39410550
VILAGPIPV	=	995.06351600
TLTAAVLMLV	=	1060.51114850
AMLDVDLHPA	=	1101.28146200
ILAGVSLLPV	=	1683.07268850
VLMLVAHYAI	=	1832.97331300
KMEKASFIEV	=	1863.10296700
GLFGKTQVGV	=	2760.96523800
LMMMLPATLA	=	2884.76186450
VMAVGLVSI	=	3202.88410450
IMAAILAYT	=	4233.69276000
YMGEDGCWYG	=	6042.45538950
VLLLVTHYA	=	6824.53006750
TLTAALLLLV	=	7432.16703950
SFQVDCFLW	=	8501.52050500
VLMLVAHYA	=	13205.16389500
GLLFMILTV	=	14349.67967500
VLMMRTTWA	=	15215.36726000
TLGMCCIITA	=	16911.21804500
MLDVDLHPA	=	19830.09979500
RLKHGTFGPV	=	20002.56049000
GLLCISIMI	=	23740.20063000
VMLLVLCAV	=	28733.02617000
ALIFILLTAV	=	39426.25500000
LTAALLLLV	=	41718.86965500
