LLAGFMAYM	=	1.97443650
LVISGLFPV	=	2.17341500
MVLAFITFL	=	3.99155600
LLMRTTWAL	=	4.89270650
FLDLPLPWL	=	9.46482200
YILWENNIKL	=	10.13056150
LLMLLPTAL	=	11.61483050
FLAIPPTAGV	=	11.91637250
KLAEAIFKL	=	19.11547650
MLMTGTLAVF	=	32.30076800
ILAKAIFKL	=	37.93137050
GLYPLAIPV	=	53.82545100
LLLLTLLATV	=	54.41033350
KMKKKTWLV	=	65.01327550
YLLAWKQVL	=	80.39546200
LLLLGLMILL	=	94.94920350
YMWLGARYL	=	98.50138150
MMMLPATLA	=	106.37147700
LLENDMKFTV	=	115.37633850
ILAGPMPVTV	=	120.24545750
KLNDWDFVV	=	126.17006650
IVLEFFMMV	=	131.04930700
MVIGMAMTTV	=	132.00435000
FTMGVLCLAI	=	132.21856400
ALSEGVYRI	=	172.46474150
LMMTTIGIV	=	183.35861200
ALFSGVSWIM	=	202.11256400
SYLIRALTL	=	235.69884000
VLFSGVSWTM	=	242.02541350
TTWEDVPYL	=	279.46603700
KMSPGYVLGV	=	324.40985750
LLLLVAHYAI	=	434.14994500
VMAWRTIMAV	=	442.39431200
ALFSGVSWV	=	452.49194600
VLWEGGHDL	=	453.10948850
ILTILTIIGL	=	456.04208200
YTMCSGKFSI	=	538.13320350
FLFLMSGRGI	=	726.31268600
ALCEALTLA	=	736.21622100
IILEFFLIVL	=	802.35865100
SLLFKTSAGV	=	820.09317350
ALWDVPSPA	=	885.07071850
VIFILLMLV	=	914.20967300
FLGEDGCWYG	=	1051.18324900
KLEKASLIEV	=	1140.16713800
VLLLITHYA	=	1210.34449750
TLLLLTLLAT	=	1320.21620750
FLFLMSGKGI	=	1321.03425400
VILAGPMPV	=	1361.29218150
RLLTKPWDV	=	1432.74408100
LMLNPNDTV	=	1489.21055900
RMDLGVPLL	=	1502.08506800
LMAAILAYTI	=	1600.54224700
YLMTLMKGA	=	1662.10411400
KMSPGYVLGI	=	1682.45454200
KLSMGLITI	=	1810.45412650
IMAVGIVSI	=	1910.89595650
LMLLALIAVL	=	2170.27473650
WMTTEDMLTV	=	2241.95963700
VLLKTALLIV	=	2494.15995200
LLLTIGLSLV	=	2622.03155350
GMIIMLIPTV	=	6590.12934150
FMKDGRSLVV	=	6934.88421400
YQLAVTIMAI	=	7844.69030700
ILTDGPERV	=	8971.29974550
TLLCLIPTA	=	9561.50129850
TMAMVLSIV	=	10800.18525000
KMARTIESEV	=	12224.22858000
TLMAAILAYT	=	16515.10638500
ALLLLVAHYA	=	70400.00000000
