IPTNFSISI	=	0.89900000
LPQIGGEAIF	=	1.12864667
FPCSICLSGL	=	1.36015867
SPTVWLSVI	=	1.70000000
MPAYIRNTL	<	2.00000000
WPKFAVPNL	=	2.10666667
APRTLVYLL	=	2.30901100
TPSRVTGGVF	=	3.22000000
KPCSDYCLSL	=	7.49000000
RPEIDVLPF	=	7.87073267
MPICMDVRAI	=	12.47951533
LPMIIGEPII	=	12.63206733
FPYSTFPII	=	12.96493300
YPKVTKYLPL	=	14.10000000
MPTYKHLIMF	=	14.12655600
ALPPRAYAM	=	14.37673900
RILHNFAYSL	=	15.43886100
LPNVDLTTM	=	15.92460333
MALMKLAAL	=	24.31612700
VPSHLPDRV	=	36.70000000
ATPYDINQML	=	72.11494600
TPNYMKLLV	=	101.68892467
FPDIPVNNNI	=	105.27166600
ETFGFEIQSY	=	220.98285300
FYFTNDVSFL	=	224.15518933
YVFPVIFSR	=	228.42300100
KPRTLVYLL	<	500.00000000
APRTLVDLL	<	500.00000000
APRTLVLLL	<	500.00000000
APRTLVKLL	<	500.00000000
APRTLVNLL	<	500.00000000
PPTCPGYRWM	=	588.00000000
HPIILGFRKI	=	598.00000000
NYMPYVFTLL	=	608.94006867
KTKDYVNGL	=	1331.46013100
TILGIGTVL	=	1516.65158300
GLYSSTVPV	=	2314.85690300
FLPSKYFPSV	>	5000.00000000
ADRTLVYLL	>	5000.00000000
AGRTLVYLL	>	5000.00000000
ANRTLVYLL	>	5000.00000000
APRTLVYLN	>	5000.00000000
RRLRPGGKK	=	6986.68713000
GSVNVVYTF	=	13495.83071000
LPYNWKNFY	=	13903.30764000
STNLCTHSFR	=	19392.07873867
SEIDLILGY	=	20337.40284850
IRFPKTFGY	=	37000.64350000
AVQNEITLTH	=	49095.41492000
YHSNVKEL	=	68664.36491000
AEWDRVHPV	>	76666.00000000
