APNPNRFVI	=	1.01780700
FPLCANGQVF	=	1.08297467
IPQSLDSYWTSL	=	1.20426300
LPRLADEGL	=	1.48000000
RPVFPCWWL	=	2.17333333
VPEFAKQYVL	=	5.64907067
LPSDFKTIL	=	7.81409300
NPIINTHSF	=	8.78303467
MPNMLRIMA	=	10.09292133
YPEHLVNHYF	=	14.50000000
VPNLQSLTNL	=	16.70000000
LPLLPIFFCL	=	17.20000000
LPNVQFVDI	=	29.92196400
VPWSKILAY	=	35.20915200
FPSQQPYLQL	=	36.77348933
FPDHQLDPAF	=	36.90000000
FPNIHLHQDI	=	48.10000000
TPSRVTGGV	=	57.10000000
NPVLTTASPL	=	58.90000000
YPSMFTLRHI	=	71.88051533
IPSSWAFGKF	=	74.90000000
KPYTAGNKV	=	101.15268467
FPGLYGASI	=	151.88105867
MPARFYPKV	=	176.00000000
CPGYRWMCL	=	176.00000000
YVQMALMKL	=	223.55563500
IPYSRVNHA	=	261.86675667
QTMLFTMLR	=	288.14711267
TRPPLGNWF	=	372.45429300
APRTLVYLT	<	500.00000000
FPHCLAFSY	=	545.00000000
AYISSEATTPV	=	746.16136700
DPRVRGLYF	=	801.00000000
YLPTQQDVL	=	898.60523400
RGPYRAFVTI	=	1375.68395900
GPLEEELPRL	=	1380.00000000
AQFSPQYL	=	2590.09665900
FVGLALLTL	=	2619.74630700
LVSFGVWIR	=	4290.00000000
AQRTLVYLL	>	5000.00000000
AFRTLVYLL	>	5000.00000000
QELYSPLFLI	=	7880.07736267
AEFKYIAAV	=	14983.79285000
YTGDFGSVI	=	17340.99758950
RMATMLEYVR	=	28472.65597367
DPYKEFGATV	=	33700.00000000
AYIDNYNKF	=	47854.39677000
TSNLQEQIAW	>	69696.00000000
QIYPGIKVR	>	76666.00000000
