LPYVGDTSM	=	0.78100000
MPASWVMRI	=	0.98600000
FPQVGGLTSI	=	1.44150000
VPAPAGPIV	<	2.00000000
SPFLPLLPI	<	2.00000000
IPWTHKVGNF	=	3.05000000
LPVCAPSSA	=	3.73333333
KPVSDLYTSM	=	5.09876600
RPPLGNWF	=	6.69744800
YPVARQRPGL	=	19.56422100
IPVDLVKSSF	=	19.83287533
LPIHTAELL	=	23.80000000
MPTDMLKLF	=	25.32510067
TPTGWGLVM	=	32.40000000
AASCGGAVF	=	41.59954600
MPYVFTLLF	=	43.88229200
KPSDGNCTCI	=	47.40000000
LLLAILGPL	=	47.67891200
SPYSWEQDL	=	148.00000000
YAAQGYKVL	=	200.99641300
AEQASQDVKNW	=	204.27793600
MPSACANGW	=	220.69478000
YPALMPLYACI	=	361.00000000
EYADVFHLYL	=	463.12341000
APRTLVYKL	<	500.00000000
APKTLVYLL	<	500.00000000
APRKLVYLL	<	500.00000000
APRTLVYLF	<	500.00000000
APRTLVYLI	<	500.00000000
APRTLVALL	<	500.00000000
YEFLQPILL	=	1014.10067300
LPIFFCLWV	=	1020.00000000
DPASRDLVV	=	1460.00000000
KSINKVYGK	=	1593.25095900
VGNVYVKF	=	1842.64711300
ERYFRIHSL	=	2085.46171500
VQNEITLTH	=	2325.20258400
LPCQLMYAL	=	2677.44699000
QYIKWPWYVW	=	3679.42867133
RGYVFQGL	=	5635.05519200
AYIDNYNKV	=	5964.33639100
RRDYRRGL	=	9888.83793200
ISDSNPYLTQW	=	18400.58883000
RISGVDRYY	=	23352.96180000
YTAVVPLVY	=	41742.35550000
AENLWVTVY	=	50147.44000000
KVFPYALINK	=	60236.79957450
AQIDNYNKF	=	64037.30000000
ELADTSLSGY	=	69700.00000000
AQGYKVLVL	>	76666.00000000
