MPASWVMRIM	=	0.21000000
TPSFPNIHL	=	0.30000000
FPREGVFVF	=	0.51000000
LPMIIGEPI	=	1.08975200
LPYSQPQPF	=	1.27918267
MPILTLTRAL	=	1.34912667
IPGDILSII	=	1.86859933
FPVTPQVPL	<	2.00000000
LPYPQPQPF	=	3.43233800
FPFKYAAAF	=	3.99619433
APLPIHTAEL	=	6.74000000
HPAAMPHLL	=	7.12666667
LPFYETLPEL	=	7.19914867
YPALMPLYA	=	8.26666667
WPVTLACFVL	=	11.36716533
IPSTVKTNL	=	11.42897600
FPNITLKII	=	18.30063467
MPYNILDRI	=	38.91551667
FPGDKTSYWV	=	58.71716867
SPLSSIFSRI	=	86.90000000
DHQAAFQYI	=	112.15229600
YVFPVIFSK	=	144.41156000
LPQEHIIQKI	=	153.00000000
NPHNTAESRL	=	195.00000000
HPAAMPHLLV	=	283.00000000
GPLLVLQAGF	=	486.00000000
APRTLVYLM	<	500.00000000
APRTLVYLY	<	500.00000000
APRTLVYLW	<	500.00000000
APRTLVYLV	<	500.00000000
AARTLVYLL	<	500.00000000
HPTARRPFGV	=	644.00000000
LYNSTFFSTF	=	675.31316867
SGPSNTYPEI	=	708.80611800
FLRGRAYGI	=	1593.11516000
KVFPKALINK	>	5000.00000000
ASRTLVYLL	>	5000.00000000
AKRTLVYLL	>	5000.00000000
APRTLVYLK	>	5000.00000000
APRTLVYLD	>	5000.00000000
YTAVKPLVY	>	5000.00000000
SEFSSLPSY	=	5542.54038333
SEAAYAKKI	=	5795.65859000
YRHDGGNVL	=	6876.31065800
YTGDFDSVI	=	8171.76557000
KFYGPFVDR	=	14291.50462000
RLPFRPTTGR	=	15200.00000000
GDYKLVEI	=	24293.30876000
HTYHLENDK	=	42394.54173267
KRLRPGGKK	=	55520.09314800
KCDELAAKL	>	76666.00000000
