FPNITNLCPF	=	0.35300000
IPMGVGLSPF	=	0.39000000
LPTWLGAAI	=	0.42400000
IPIPSSWAF	=	0.44500000
LPVNVAFEL	=	0.51400000
LPFHRWHTM	=	0.81400000
QPTPLSPPL	=	1.07000000
RPTTGRTSL	=	2.47000000
HPVHAGPIA	=	3.15581700
SPFLPLLPIF	=	4.01000000
VPHPNIEEV	=	6.17660700
YVADALAAF	=	9.73931100
LPRVVGGKTV	=	16.52131067
LPSDFFPSV	=	17.48848067
FPHCLAFSYM	=	19.22500000
NPHWKTPSF	=	27.80000000
YPGNTFVNF	=	41.00878467
VPFVQWFVGL	=	46.20000000
LPSETFPNV	=	48.37271533
KFNPMKTYI	=	53.50980000
PPNAPILSTL	=	73.30000000
YPALMPLY	=	209.00000000
LPYPQPQLPY	=	248.95375533
TPVIVVPVI	=	259.94573800
FPQHVITKDV	=	296.14236800
LPTLFGRGV	=	349.17952800
ALRTLVYLL	<	500.00000000
APRTLVYLA	<	500.00000000
APRTLKYLL	<	500.00000000
APRTLVFLL	<	500.00000000
KPYYPEHLV	=	729.00000000
RRAARAEYL	=	814.90206100
HISCLTFGR	=	1450.00000000
DPSRGRLGL	=	1540.00000000
FLPSDYFPSV	=	1997.28794600
YVIKVSARV	=	4130.22647900
APRTLVYLQ	>	5000.00000000
ERYFRINSL	=	8435.78147100
DPALNMENI	=	11500.00000000
FVNYNFTLV	=	20223.79494000
PTTGRTSLYA	=	28200.00000000
NPKASTISW	=	43197.84867967
KAGQYVTIW	=	48574.68936000
YQAVVPLVY	=	51225.07137000
LLGPADGMVSK	>	63888.00000000
TSTLQEQIGWF	>	63888.00000000
SDYLELDTI	>	76666.66667000
FRYNGLIHR	>	76666.66667000
VMYMGTLSY	=	76700.00000000
FSLPAQLL	>	88461.00000000
