IGFSTPEEK	<	1.00000000
NTPTFAIKK	=	1.05314000
TIPLFCATK	=	1.41577200
AAPQFSLWR	=	8.00420600
IVVGVILLR	=	9.05314200
LGLGPWGKK	=	9.09123000
RGPSCGSAK	=	11.91865700
LSPLCITMR	=	12.65310600
RGVFVLGFL	=	21.13825800
KGANFPGLA	=	125.30519400
YMQLGKQQR	=	186.46288200
CKFNMTGLK	=	252.08789000
FGNWFDLAS	=	272.44975000
VTQDFTEVQ	=	417.04344300
KLVGVLNWA	=	508.87916500
LTWLFSNCR	=	677.59137900
YTSGPGIRY	=	732.41502100
FISTPPLVR	=	1207.80128300
SGLSEEEVR	=	1371.15219900
