LLSCCRFPR	<	1.00000000
MSLNFPIAK	<	1.00000000
MSAEVAELY	<	1.00000000
RTYIYWHGR	<	1.00000000
SGFMPKCSK	<	1.00000000
MGYELWPTK	<	1.00000000
QGMSPSYVK	<	1.00000000
KTFGWLWKL	<	1.00000000
YFAIAENESK	<	1.00000000
YGVYIVVGV	<	1.00000000
YVAWVPAHK	<	1.00000000
TGTTETMPK	<	1.00000000
AGYITDRGK	=	1.05434000
KGSPAIFQY	=	1.08924900
KVCYVPHFK	=	1.10347500
IVIWGQVPK	=	1.25135800
KALFMHCKK	=	1.66514500
RQIINTWHK	=	2.11645600
MAVHCMNFK	=	2.25908400
SGPGIRYPK	=	3.52673700
KGEGAVILK	=	4.06823400
MGGAISMRR	=	5.83884200
RARGETYGR	=	8.59533200
ANFASQEVK	=	9.08939300
LAESLLENK	=	16.77646000
RQIVDTCDK	=	16.83386700
LQYGWSYFH	=	17.50512900
FLGLGPWGK	=	20.46895300
LVFKFGLPR	=	34.07224700
VTFMWTNCR	=	37.91000000
RSRPSGDLR	=	42.40584000
FGLPRIVAR	=	42.88027300
IGLAPTDVK	=	45.88474100
GIGGFINTK	=	46.99587200
KFKNFRVYY	=	51.80606000
KMNWFLNWV	=	54.89741500
RLLAHVIQK	=	66.31839200
LNAWGCAFR	=	67.24656700
FQSYVDRFY	=	79.26747400
FSSPPSYFQ	=	86.51359100
YGIYCTLYV	=	96.69341600
YTYEAYVRY	=	106.95444200
SIPLDEEFR	=	113.79690800
YYTDGSCNK	=	116.30415100
RTIISLNKY	=	116.36813000
YRYLCLIQK	=	121.61170200
YVHLPLSPR	=	121.83637700
NMADKKETR	=	122.52944000
KQTIVKHPR	=	135.85000000
RGFAAPQFS	=	143.89732200
QGVGGPGQK	=	153.00143400
HQAAMQIIR	=	160.78109700
FFRPWSMGK	=	163.74071200
KGPGELLWK	=	164.54839500
CTLYVTVFY	=	175.46798000
KQAWCWFGG	=	195.17236700
NPTNILDVK	=	232.13070500
YGVPAWRNA	=	248.16975000
YQVPSLQYL	=	273.43707400
KGGLEGIYY	=	515.74519000
FQYTMRHVL	=	533.34575700
KANPDVTLV	=	625.63547000
RQTALFLLK	=	680.37511500
LGFLATAGS	=	692.69048100
FWTDVTPNY	=	701.96765000
MLIDFRELN	=	729.14967200
KGWLSTYAV	=	751.76183100
TGPGTANQR	=	865.67141700
IAILLLSVY	=	890.84373400
KGLGVNPTL	=	1127.57273000
LGNHIYNRH	=	1176.63019700
FTAGEVRRA	=	1319.84085900
ALKVVSDVR	=	2756.08664800
RMYNPTNIL	=	3278.84714000
RNFPMAQVH	=	3509.54975600
IQYGVYIVV	=	3984.72791100
LGIPHPAGL	=	4510.44978600
KNSKFKNFR	=	4956.93776500
CAPPGYALL	=	10128.83300000
FVLGFLGFL	=	10753.92277000
FTLPSVNNA	=	14555.56274000
KVVVSSCTR	=	15963.26438000
