LLSCCRFPR	<	1.00000000
MSLNFPIAK	<	1.00000000
MSAEVAELY	<	1.00000000
RTYIYWHGR	<	1.00000000
QGMSPSYVK	<	1.00000000
KTFGWLWKL	<	1.00000000
YFAIAENESK	<	1.00000000
YGVYIVVGV	<	1.00000000
YVAWVPAHK	<	1.00000000
TGTTETMPK	<	1.00000000
IGFSTPEEK	<	1.00000000
NTPTFAIKK	=	1.05314000
AGYITDRGK	=	1.05434000
KGSPAIFQY	=	1.08924900
KVCYVPHFK	=	1.10347500
TIPLFCATK	=	1.41577200
KALFMHCKK	=	1.66514500
MAVHCMNFK	=	2.25908400
SGPGIRYPK	=	3.52673700
KGEGAVILK	=	4.06823400
MGGAISMRR	=	5.83884200
AAPQFSLWR	=	8.00420600
RARGETYGR	=	8.59533200
IVVGVILLR	=	9.05314200
ANFASQEVK	=	9.08939300
LGLGPWGKK	=	9.09123000
RGPSCGSAK	=	11.91865700
LSPLCITMR	=	12.65310600
LQYGWSYFH	=	17.50512900
FLGLGPWGK	=	20.46895300
RGVFVLGFL	=	21.13825800
VTFMWTNCR	=	37.91000000
RSRPSGDLR	=	42.40584000
IGLAPTDVK	=	45.88474100
GIGGFINTK	=	46.99587200
KMNWFLNWV	=	54.89741500
FSSPPSYFQ	=	86.51359100
YTYEAYVRY	=	106.95444200
SIPLDEEFR	=	113.79690800
YYTDGSCNK	=	116.30415100
RTIISLNKY	=	116.36813000
YVHLPLSPR	=	121.83637700
NMADKKETR	=	122.52944000
KGANFPGLA	=	125.30519400
KQTIVKHPR	=	135.85000000
RGFAAPQFS	=	143.89732200
QGVGGPGQK	=	153.00143400
HQAAMQIIR	=	160.78109700
FFRPWSMGK	=	163.74071200
KGPGELLWK	=	164.54839500
CTLYVTVFY	=	175.46798000
YMQLGKQQR	=	186.46288200
KQAWCWFGG	=	195.17236700
YGVPAWRNA	=	248.16975000
CKFNMTGLK	=	252.08789000
FGNWFDLAS	=	272.44975000
YQVPSLQYL	=	273.43707400
VTQDFTEVQ	=	417.04344300
KLVGVLNWA	=	508.87916500
KGGLEGIYY	=	515.74519000
FQYTMRHVL	=	533.34575700
LTWLFSNCR	=	677.59137900
RQTALFLLK	=	680.37511500
FWTDVTPNY	=	701.96765000
MLIDFRELN	=	729.14967200
YTSGPGIRY	=	732.41502100
TGPGTANQR	=	865.67141700
IAILLLSVY	=	890.84373400
KGLGVNPTL	=	1127.57273000
LGNHIYNRH	=	1176.63019700
FISTPPLVR	=	1207.80128300
FTAGEVRRA	=	1319.84085900
SGLSEEEVR	=	1371.15219900
RMYNPTNIL	=	3278.84714000
IQYGVYIVV	=	3984.72791100
LGIPHPAGL	=	4510.44978600
KNSKFKNFR	=	4956.93776500
CAPPGYALL	=	10128.83300000
FVLGFLGFL	=	10753.92277000
KVVVSSCTR	=	15963.26438000
