SGFMPKCSK	<	1.00000000
MGYELWPTK	<	1.00000000
IVIWGQVPK	=	1.25135800
RQIINTWHK	=	2.11645600
LAESLLENK	=	16.77646000
RQIVDTCDK	=	16.83386700
LVFKFGLPR	=	34.07224700
FGLPRIVAR	=	42.88027300
KFKNFRVYY	=	51.80606000
RLLAHVIQK	=	66.31839200
LNAWGCAFR	=	67.24656700
FQSYVDRFY	=	79.26747400
YGIYCTLYV	=	96.69341600
YRYLCLIQK	=	121.61170200
NPTNILDVK	=	232.13070500
KANPDVTLV	=	625.63547000
LGFLATAGS	=	692.69048100
KGWLSTYAV	=	751.76183100
ALKVVSDVR	=	2756.08664800
RNFPMAQVH	=	3509.54975600
FTLPSVNNA	=	14555.56274000
