LLSCCRFPR	<	1.00000000
MSAEVAELY	<	1.00000000
QGMSPSYVK	<	1.00000000
YFAIAENESK	<	1.00000000
AGYITDRGK	=	1.05434000
MAVHCMNFK	=	2.25908400
RARGETYGR	=	8.59533200
VTFMWTNCR	=	37.91000000
GIGGFINTK	=	46.99587200
FSSPPSYFQ	=	86.51359100
YTYEAYVRY	=	106.95444200
RTIISLNKY	=	116.36813000
NMADKKETR	=	122.52944000
KQTIVKHPR	=	135.85000000
RGFAAPQFS	=	143.89732200
KGGLEGIYY	=	515.74519000
TGPGTANQR	=	865.67141700
IAILLLSVY	=	890.84373400
LGNHIYNRH	=	1176.63019700
LGIPHPAGL	=	4510.44978600
FVLGFLGFL	=	10753.92277000
