MSLNFPIAK	<	1.00000000
RTYIYWHGR	<	1.00000000
KALFMHCKK	=	1.66514500
LQYGWSYFH	=	17.50512900
FLGLGPWGK	=	20.46895300
RSRPSGDLR	=	42.40584000
IGLAPTDVK	=	45.88474100
KMNWFLNWV	=	54.89741500
SIPLDEEFR	=	113.79690800
QGVGGPGQK	=	153.00143400
FFRPWSMGK	=	163.74071200
KGPGELLWK	=	164.54839500
CTLYVTVFY	=	175.46798000
KQAWCWFGG	=	195.17236700
YQVPSLQYL	=	273.43707400
FQYTMRHVL	=	533.34575700
RQTALFLLK	=	680.37511500
FWTDVTPNY	=	701.96765000
KGLGVNPTL	=	1127.57273000
RMYNPTNIL	=	3278.84714000
IQYGVYIVV	=	3984.72791100
