LLSCCRFPR	<	1.00000000
MSLNFPIAK	<	1.00000000
MSAEVAELY	<	1.00000000
RTYIYWHGR	<	1.00000000
SGFMPKCSK	<	1.00000000
MGYELWPTK	<	1.00000000
QGMSPSYVK	<	1.00000000
YFAIAENESK	<	1.00000000
IGFSTPEEK	<	1.00000000
NTPTFAIKK	=	1.05314000
AGYITDRGK	=	1.05434000
IVIWGQVPK	=	1.25135800
TIPLFCATK	=	1.41577200
KALFMHCKK	=	1.66514500
RQIINTWHK	=	2.11645600
MAVHCMNFK	=	2.25908400
AAPQFSLWR	=	8.00420600
RARGETYGR	=	8.59533200
IVVGVILLR	=	9.05314200
LGLGPWGKK	=	9.09123000
RGPSCGSAK	=	11.91865700
LSPLCITMR	=	12.65310600
LAESLLENK	=	16.77646000
RQIVDTCDK	=	16.83386700
LQYGWSYFH	=	17.50512900
FLGLGPWGK	=	20.46895300
RGVFVLGFL	=	21.13825800
LVFKFGLPR	=	34.07224700
VTFMWTNCR	=	37.91000000
RSRPSGDLR	=	42.40584000
FGLPRIVAR	=	42.88027300
IGLAPTDVK	=	45.88474100
GIGGFINTK	=	46.99587200
KFKNFRVYY	=	51.80606000
KMNWFLNWV	=	54.89741500
RLLAHVIQK	=	66.31839200
LNAWGCAFR	=	67.24656700
FQSYVDRFY	=	79.26747400
FSSPPSYFQ	=	86.51359100
YGIYCTLYV	=	96.69341600
YTYEAYVRY	=	106.95444200
SIPLDEEFR	=	113.79690800
RTIISLNKY	=	116.36813000
YRYLCLIQK	=	121.61170200
NMADKKETR	=	122.52944000
KGANFPGLA	=	125.30519400
KQTIVKHPR	=	135.85000000
RGFAAPQFS	=	143.89732200
QGVGGPGQK	=	153.00143400
FFRPWSMGK	=	163.74071200
KGPGELLWK	=	164.54839500
CTLYVTVFY	=	175.46798000
YMQLGKQQR	=	186.46288200
KQAWCWFGG	=	195.17236700
NPTNILDVK	=	232.13070500
CKFNMTGLK	=	252.08789000
FGNWFDLAS	=	272.44975000
YQVPSLQYL	=	273.43707400
VTQDFTEVQ	=	417.04344300
KLVGVLNWA	=	508.87916500
KGGLEGIYY	=	515.74519000
FQYTMRHVL	=	533.34575700
KANPDVTLV	=	625.63547000
LTWLFSNCR	=	677.59137900
RQTALFLLK	=	680.37511500
LGFLATAGS	=	692.69048100
FWTDVTPNY	=	701.96765000
YTSGPGIRY	=	732.41502100
KGWLSTYAV	=	751.76183100
TGPGTANQR	=	865.67141700
IAILLLSVY	=	890.84373400
KGLGVNPTL	=	1127.57273000
LGNHIYNRH	=	1176.63019700
FISTPPLVR	=	1207.80128300
SGLSEEEVR	=	1371.15219900
ALKVVSDVR	=	2756.08664800
RMYNPTNIL	=	3278.84714000
RNFPMAQVH	=	3509.54975600
IQYGVYIVV	=	3984.72791100
LGIPHPAGL	=	4510.44978600
FVLGFLGFL	=	10753.92277000
FTLPSVNNA	=	14555.56274000
