LLSCCRFPR	<	1.00000000
MSAEVAELY	<	1.00000000
SGFMPKCSK	<	1.00000000
MGYELWPTK	<	1.00000000
QGMSPSYVK	<	1.00000000
KTFGWLWKL	<	1.00000000
YFAIAENESK	<	1.00000000
YGVYIVVGV	<	1.00000000
YVAWVPAHK	<	1.00000000
TGTTETMPK	<	1.00000000
IGFSTPEEK	<	1.00000000
NTPTFAIKK	=	1.05314000
AGYITDRGK	=	1.05434000
KGSPAIFQY	=	1.08924900
KVCYVPHFK	=	1.10347500
IVIWGQVPK	=	1.25135800
TIPLFCATK	=	1.41577200
RQIINTWHK	=	2.11645600
MAVHCMNFK	=	2.25908400
SGPGIRYPK	=	3.52673700
KGEGAVILK	=	4.06823400
MGGAISMRR	=	5.83884200
AAPQFSLWR	=	8.00420600
RARGETYGR	=	8.59533200
IVVGVILLR	=	9.05314200
ANFASQEVK	=	9.08939300
LGLGPWGKK	=	9.09123000
RGPSCGSAK	=	11.91865700
LSPLCITMR	=	12.65310600
LAESLLENK	=	16.77646000
RQIVDTCDK	=	16.83386700
RGVFVLGFL	=	21.13825800
LVFKFGLPR	=	34.07224700
VTFMWTNCR	=	37.91000000
FGLPRIVAR	=	42.88027300
GIGGFINTK	=	46.99587200
KFKNFRVYY	=	51.80606000
RLLAHVIQK	=	66.31839200
LNAWGCAFR	=	67.24656700
FQSYVDRFY	=	79.26747400
FSSPPSYFQ	=	86.51359100
YGIYCTLYV	=	96.69341600
YTYEAYVRY	=	106.95444200
YYTDGSCNK	=	116.30415100
RTIISLNKY	=	116.36813000
YRYLCLIQK	=	121.61170200
YVHLPLSPR	=	121.83637700
NMADKKETR	=	122.52944000
KGANFPGLA	=	125.30519400
KQTIVKHPR	=	135.85000000
RGFAAPQFS	=	143.89732200
HQAAMQIIR	=	160.78109700
YMQLGKQQR	=	186.46288200
NPTNILDVK	=	232.13070500
YGVPAWRNA	=	248.16975000
CKFNMTGLK	=	252.08789000
FGNWFDLAS	=	272.44975000
VTQDFTEVQ	=	417.04344300
KLVGVLNWA	=	508.87916500
KGGLEGIYY	=	515.74519000
KANPDVTLV	=	625.63547000
LTWLFSNCR	=	677.59137900
LGFLATAGS	=	692.69048100
MLIDFRELN	=	729.14967200
YTSGPGIRY	=	732.41502100
KGWLSTYAV	=	751.76183100
TGPGTANQR	=	865.67141700
IAILLLSVY	=	890.84373400
LGNHIYNRH	=	1176.63019700
FISTPPLVR	=	1207.80128300
FTAGEVRRA	=	1319.84085900
SGLSEEEVR	=	1371.15219900
ALKVVSDVR	=	2756.08664800
RNFPMAQVH	=	3509.54975600
LGIPHPAGL	=	4510.44978600
KNSKFKNFR	=	4956.93776500
CAPPGYALL	=	10128.83300000
FVLGFLGFL	=	10753.92277000
FTLPSVNNA	=	14555.56274000
KVVVSSCTR	=	15963.26438000
