KTFGWLWKL	<	1.00000000
YGVYIVVGV	<	1.00000000
YVAWVPAHK	<	1.00000000
TGTTETMPK	<	1.00000000
KGSPAIFQY	=	1.08924900
KVCYVPHFK	=	1.10347500
SGPGIRYPK	=	3.52673700
KGEGAVILK	=	4.06823400
MGGAISMRR	=	5.83884200
ANFASQEVK	=	9.08939300
YYTDGSCNK	=	116.30415100
YVHLPLSPR	=	121.83637700
HQAAMQIIR	=	160.78109700
YGVPAWRNA	=	248.16975000
MLIDFRELN	=	729.14967200
FTAGEVRRA	=	1319.84085900
KNSKFKNFR	=	4956.93776500
CAPPGYALL	=	10128.83300000
KVVVSSCTR	=	15963.26438000
