ITDITSPLW	=	2.99998662
KLDPTNTLW	=	4.00000221
EVAGAGSGF	=	5.99997489
YTDKIAMSY	=	7.00003735
TMDVNHPIY	=	8.00000662
ATEDPSSGY	=	10.00004383
SVAMCRTPF	=	11.99995308
QTDNDIWFW	=	12.99997533
ITDITKYLY	=	13.99992708
ASYAGAGAY	=	39.49702086
SSDISFIKY	=	40.00019738
EVDQTKIQY	=	41.00012529
ATVKGMQSY	=	49.99988353
RTDAWSYPV	=	54.99994048
RTWNYHGSY	=	91.00031288
QTEENLLDF	=	92.00021563
KSDLQPPNY	=	99.99979463
LLENERTLDY	<	100.00000000
AVEGGLYPV	=	108.99997650
YAQMWTLMY	=	139.99988450
HTSALSLGY	=	162.99932190
MSAIVSCRY	=	268.00096760
KTFEWGVFY	=	272.00021800
YVFVGTSRY	=	324.99926835
QTWHGDAPY	=	364.99923630
LSMAGSSAM	=	375.00000000
QTNLYNLLY	=	379.99818480
NISAVFQTYY	=	413.00000000
ITMVNSLTY	=	482.05109820
RSTPAIVRWF	<	500.00000000
TSADQQSLY	=	978.00241970
KMARLGKGY	<	1000.00000000
WVAGVQLLY	=	1950.00415700
ITTFFTFAY	=	3134.00344000
MTRGLLGSY	=	3247.99586600
ESSDDELPY	=	3644.01046700
CTLNKSHLY	=	3831.00176500
SSEGHLTSVY	>	5000.00000000
RMTSGNLNF	>	5000.00000000
VSFNQNLEY	>	5000.00000000
RMFLAMITY	>	5000.00000000
ATIMPHNLY	=	19999.92337000
FSIPVTFSY	=	19999.92337000
TNTQNNDWF	=	19999.92337000
LTMDREMLY	=	19999.92337000
MTRGILGSY	=	19999.92337000
YSYIFLSSY	=	19999.92337000
VTRGAVLMY	=	19999.92337000
MTRVTNNVY	=	19999.92337000
NQDLNGNWY	=	19999.92337000
