AVEDFLAFF	=	2.00000055
GTDSGFAAY	=	2.00000055
VLDKWNTNY	=	2.99998662
TQDLFLPFY	=	2.99998662
SVDGFRASY	=	4.00000221
RADSMMLGY	=	5.00002054
SVEVKLPDY	=	5.00002054
LIDGRTSFY	=	7.00003735
VSDGPPTGY	=	8.00000662
ASAAHLAAY	=	10.99994291
MIEPRTLQY	=	11.99995308
YVYFYDLSY	=	13.99992708
KSNRIPFLY	=	14.99999470
MTFPVSLEY	=	14.99999470
LSDDAVVCY	=	16.00001764
EIAQHGAWY	=	18.00003912
GTEKLTITY	=	33.99999957
TTNTQNNDW	=	58.00019627
RSADGSPPY	=	82.00027319
RLEPHKWEKY	<	100.00000000
TLELRSRYW	<	100.00000000
ATEYIMKGVY	<	100.00000000
MSSAAHLLY	=	102.99987420
KTAVVVTRY	=	165.00087060
RVVQAERFY	=	189.99904000
KVFFGPIYY	=	234.00006460
YTSDYFISY	=	264.99930460
EISGSSARY	=	324.00140840
VAGGTGSVY	<	500.00000000
ITANVTDENY	<	500.00000000
HMMAVTLFY	=	733.99829480
PTAYNKAPF	=	754.99706920
IASVPTSRY	=	761.99739590
QTYMYTGQY	=	3097.99682900
QSSVGVTHGY	>	5000.00000000
LAALICFVIRLAKNC	>	5000.00000000
GTFDLGGLY	>	5000.00000000
ASVPTSRY	>	5000.00000000
LAAKHMSNTY	>	5000.00000000
AGACWLSAIF	>	5000.00000000
ATVYNGTSKY	>	5000.00000000
MLASIDLKY	>	5000.00000000
FLNCAFTFGY	>	5000.00000000
SSFERFEIF	>	5000.00000000
ILAAYHPQQF	=	6043.00000000
MSSFQDILM	=	8123.00845900
STFTFPGIY	=	19999.92337000
TSAAQIKVY	=	19999.92337000
VSVSAGKDF	=	19999.92337000
MTTCDFRWY	=	19999.92337000
