MADSFKSDY	=	2.00000055
STAPTGSWF	=	2.00000055
MTAHITVPY	=	2.12132206
TSDGFINGW	=	2.99998662
TIDKSSPLY	=	2.99998662
MIDSDEWVY	=	2.99998662
GVEPGHAFY	=	4.00000221
GTDSNGMLW	=	10.00004383
VVDALRNIY	=	10.00004383
IVDCLTEMY	=	11.99995308
MTAASYARY	=	13.26640028
RVSTGLYRY	=	16.99999488
FTDNNELEF	=	31.00015026
RVFPGDHFY	=	32.00004411
STYQPLPLY	=	38.00006308
CTDDNALAY	=	43.00015785
SSDDIPPRW	=	51.99993000
KSDGTGTIY	=	78.00036948
NMTAHITVPY	<	100.00000000
VSENIQRFAW	<	100.00000000
MNYAAAAAY	=	103.99988870
VVAANRSAF	=	108.99997650
KVAHNLGFYF	=	122.00000000
FLYPSWSLY	=	122.00046270
DTEDNVPPW	=	196.00007900
MVNTTRVTY	=	206.00000000
AVSFRNLAY	=	236.00112140
GSDGGLDDY	=	358.99891310
SSSFSFGGF	=	378.00057615
HSNASTLLY	=	452.00048840
ASYAAAAAY	=	769.70362030
AAKHMSNTY	=	932.99778760
SLHYFTSKY	=	1269.00383100
VSALRLFNY	=	2429.01013700
SYAYMRNGW	=	3616.00689700
GTFEFTSFFY	>	5000.00000000
MSLLTEVETY	>	5000.00000000
KSVEMNAPNY	>	5000.00000000
YVFVGSSRY	>	5000.00000000
SKFTFSIPY	=	19999.92337000
SAYERGLRY	=	19999.92337000
HSDDALFIY	=	19999.92337000
TTSDFFVNY	=	19999.92337000
SSYRRPVGI	=	19999.92337000
LTAHYCFLY	=	19999.92337000
LTFLDCLYY	=	19999.92337000
QSAANMYIY	=	19999.92337000
INNYYMQQY	=	19999.92337000
HTAAPWGSY	=	19999.92337000
LAIYHPQQF	=	20000.00000000
