NTDAFSREY	=	4.00000221
VTDPGGLYY	=	5.00002054
FTFWTFANY	=	7.00003735
ATDFKFAMY	=	8.00000662
SSDLRSWTF	=	8.00000662
ASSALTLAI	=	10.00000000
IVDINVKDY	=	11.99995308
CTELKLSDY	=	16.00000882
LTDDMIAAY	=	16.00001764
QTDNQLAVF	=	18.00003912
LTDSDSPTY	=	18.00003912
ASYGAGAGY	=	19.00001315
QTDPLWQKY	=	20.00009317
ALLRAATYY	=	21.00001837
LLDGLLAWY	=	21.99989189
NADTGHSIY	=	23.99991278
VVYRGTTTY	=	27.99986189
RLDPRLAPV	=	27.99986189
ALTDLGLIY	=	93.00003592
HIASMRRNY	<	100.00000000
NTDLEALMEW	<	100.00000000
AVDVDDGHF	<	100.00000000
KMFHGGLRY	=	105.00052310
FTYAPAGMY	=	151.00042740
SSMNSFLLY	=	191.99946110
GSTDSKARY	=	240.00017980
RTWFHGSLY	=	309.99950720
ISAYTHWYY	=	383.99902800
ATAQMALQLF	<	500.00000000
LSTASSWSY	<	500.00000000
KSGHPHGLLF	<	500.00000000
KSTDSESDW	=	520.99838880
YIFFASFYY	=	541.00115680
RTWHYCGSY	=	545.99959210
NSDTVGWSW	<	1000.00000000
ASSALTLAIY	=	1971.00000000
VMRMGDLHY	=	3829.01265300
MSWRYSCTRY	>	5000.00000000
WSQDPTMLY	>	5000.00000000
FVLSWLTPW	>	5000.00000000
LTAALNRNRW	>	5000.00000000
MSNEGSYFF	>	5000.00000000
TLSNYRRSY	>	5000.00000000
NPEKPHFPL	>	5000.00000000
CLFAILLAI	>	5000.00000000
MTAAQIRRY	=	19999.92337000
FSKLASSAF	=	19999.92337000
MSDIFHALV	=	19999.92337000
GTEYRLTLY	=	19999.92337000
MTRVLPFTY	=	19999.92337000
ITAGYNRYY	=	19999.92337000
