KLDAWLLPF	=	4.00000221
ITDYIVGYY	=	4.00000221
AIYHPQQFVY	=	5.00000000
NIDNMCHLY	=	5.99997489
RVERIKSEY	=	8.00000662
ASYQFQLPY	=	13.05636000
RIARFHRPY	=	16.00001764
VSDGGPNLY	=	16.16042998
SSALTLAIY	=	17.00000000
YTFCGTIEY	=	24.99993487
CSDETTLYY	=	32.00004411
STFATVLEY	=	32.00004411
FTIRDVLAY	=	51.99993000
MTSGSSSGF	=	56.99982463
RLASYGLYY	=	70.99992853
RTWAYHGSY	=	72.00019619
NADTLCIGY	<	100.00000000
QIGNIISIW	<	100.00000000
EVETPTRSEW	<	100.00000000
KIAPLMVAY	<	100.00000000
GLDCIRPCFW	<	100.00000000
SVEMNAPNY	<	100.00000000
SSAMILAAY	=	106.00000000
ETESVNSNY	=	109.99991130
ATAWRTGGY	=	173.99981260
TIINSSLHY	=	178.99903270
YSAEALLPY	=	202.00042160
YTASVVAAY	=	213.00114000
MSWESTAEY	=	261.00130660
QVSRPMFLY	<	500.00000000
MSFQGRGVF	=	517.00020290
YTFEPHYFY	=	823.00174430
VSHCRATEY	=	917.00490740
YANMWSLMY	=	959.48203880
MIGGIGRFY	<	1000.00000000
VSYAAAAAY	=	1100.37295200
YTAQFHPEIF	>	5000.00000000
IAGFIEGGW	>	5000.00000000
ATQEWLSRMW	>	5000.00000000
FSLPTQHTV	>	5000.00000000
WTGMVDGWY	>	5000.00000000
ATYQRTRAL	>	5000.00000000
NTYLSGIAQY	>	5000.00000000
GSSAMILAAY	=	7755.00000000
MSRDWFMLM	=	13821.00774000
ESENISEPY	=	19999.92337000
ENALLVALF	=	19999.92337000
TSSARSSEW	=	19999.92337000
VVKQLPASF	=	19999.92337000
NMAPEKVDF	=	19999.92337000
