KSTDVAKYF	=	18.84838200
GSVNVVYTF	=	33.42526600
TSTLQEQIGW	=	35.39597500
KTKEIEYVF	=	118.61038800
KTKEIEQVY	=	185.37742800
KTKEVIYEF	=	185.47744000
KTKEVIQEW	=	243.56422200
KAFSPEVIPMF	=	290.52641200
ITTKAISRW	=	357.55148700
KTKEVYQEF	=	362.06585200
YAARARLL	<	500.00000000
KSKNILFV	<	500.00000000
KTKEYEQVF	=	761.07974900
KTAVQMAVF	=	1127.93220500
GAVNVVYTF	=	1527.65047400
IAMESIVIW	=	1559.00224500
VSFIEFVGW	=	1924.55735200
KAGQVVTIW	=	2324.50023200
ITSQDVLHSW	=	2613.69576600
KAVRLIKFLY	=	3486.51391000
HTQGFFPDW	=	4362.00235000
KALGPGATL	=	4515.02391400
KAAVDLSHF	=	4879.98978800
RTDGKVFQF	=	5611.03378500
ISDSNPFLTQW	=	6692.55743300
TSTLQEQIGWF	=	7230.86752800
GAVNVVMTF	=	8380.27343200
KTPLGLVDLF	=	9476.00000000
STSFYLISIF	=	10571.00000000
SEIDLILGY	=	12275.87932050
KAGQYVTIW	=	17543.85964950
YTAVVPLVY	=	18536.83555200
VTSPLTVEY	=	19531.25000000
FSVPLDEGF	=	19999.92337000
KAAFDLSFF	=	19999.92337000
QASQDVKNW	=	19999.92337000
LGGGVSIEW	=	19999.92337000
LGQGVSIEW	=	19999.92337000
AVRHFPRPW	=	19999.92337000
QATQEVKNW	=	19999.92337000
QATQDVKNW	=	19999.92337000
IVLPEKDSW	=	20090.20664150
KSIHIVVTM	=	24253.33303100
AVRHFPRIW	=	25809.35538950
STLQEQIGW	=	30332.64903950
ISPRTLNAW	=	39595.89872100
KTILKALGP	=	40155.78539000
IGWMTNNP	=	49449.23576000
TINEEAAEW	=	59100.00000000
QASQEVKNW	=	71009.54716750
ILKALGPAA	=	77822.77041000
LKALGPAAT	>	78125.00000000
TILKALGPA	>	78125.00000000
DCKTILKAL	>	78125.00000000
YFPDWQNYT	>	78125.00000000
KSTDVAKTF	>	78125.00000000
