KSIYIVVTF	=	11.88357500
KSTDVAKYF	=	18.84838200
TSTLQEQIGW	=	35.39597500
FSLPAQLL	=	80.16160600
KTKEIEYVF	=	118.61038800
KTKEVIYEF	=	185.47744000
KTKEVIQEW	=	243.56422200
LVQPGRSL	=	285.28002900
KAFSPEVIPMF	=	290.52641200
KTKEVYQEF	=	362.06585200
YAARARLL	<	500.00000000
KSKNILFV	<	500.00000000
KTKEYEQVF	=	761.07974900
KTAVQMAVF	=	1127.93220500
KAFSPEVI	=	1226.39869300
GAVNVVYTF	=	1527.65047400
IAMESIVIW	=	1559.00224500
VSFIEFVGW	=	1924.55735200
LVYPGRSLF	=	2138.82944500
IATESIVIW	=	2195.98934100
KAGQVVTIW	=	2324.50023200
ITSQDVLHSW	=	2613.69576600
HTQGYFPDW	=	3121.00931100
HTQGFFPDW	=	4362.00235000
KALGPGATL	=	4515.02391400
RTDGKVFQF	=	5611.03378500
TSTLQEQIGWF	=	7230.86752800
KTDEVVTL	=	7812.50000000
GAVNVVMTF	=	8380.27343200
KTPLGLVDLF	=	9476.00000000
STSFYLISIF	=	10571.00000000
SEIDLILGY	=	12275.87932050
KAGQYVTIW	=	17543.85964950
VTSPLTVEY	=	19531.25000000
FSVPLDEGF	=	19999.92337000
FSVPLDKDF	=	19999.92337000
KAAFDLSFF	=	19999.92337000
QASQDVKNW	=	19999.92337000
LGGGVSIEW	=	19999.92337000
LGQGVSIEW	=	19999.92337000
AVRHFPRPW	=	19999.92337000
LGHGVSIEW	=	19999.92337000
QATQDVKNW	=	19999.92337000
IVLPEKDSW	=	20090.20664150
YVFPVIFSK	=	22257.86333950
KSIHIVVTM	=	24253.33303100
AVRHFPRIW	=	25809.35538950
HTQGYFPDWQ	=	42455.14137200
ISKKAKGWF	=	46530.51144150
TINEEAAEW	=	59100.00000000
QASQEVKNW	=	71009.54716750
ILKALGPAA	=	77822.77041000
LKALGPAAT	>	78125.00000000
TILKALGPA	>	78125.00000000
CKTILKALG	>	78125.00000000
KSTDVAKTF	>	78125.00000000
