KSIYIVVTF	=	11.88357500
KSTDVAKYF	=	18.84838200
GSVNVVYTF	=	33.42526600
TSTLQEQIGW	=	35.39597500
FSLPAQLL	=	80.16160600
KTKEIEQVY	=	185.37742800
KTKEVIYEF	=	185.47744000
KTKEVIQEW	=	243.56422200
LVQPGRSL	=	285.28002900
KAFSPEVIPMF	=	290.52641200
ITTKAISRW	=	357.55148700
YAARARLL	<	500.00000000
KTKEYEQVF	=	761.07974900
KAFSPEVI	=	1226.39869300
GAVNVVYTF	=	1527.65047400
LVYPGRSLF	=	2138.82944500
IATESIVIW	=	2195.98934100
KAGQVVTIW	=	2324.50023200
ITSQDVLHSW	=	2613.69576600
HTQGYFPDW	=	3121.00931100
KAVRLIKFLY	=	3486.51391000
KAAVDLSHF	=	4879.98978800
RTDGKVFQF	=	5611.03378500
ISDSNPFLTQW	=	6692.55743300
TSTLQEQIGWF	=	7230.86752800
KTDEVVTL	=	7812.50000000
KTPLGLVDLF	=	9476.00000000
STSFYLISIF	=	10571.00000000
KAGQYVTIW	=	17543.85964950
YTAVVPLVY	=	18536.83555200
VTSPLTVEY	=	19531.25000000
FSVPLDEGF	=	19999.92337000
FSVPLDKDF	=	19999.92337000
KAAFDLSFF	=	19999.92337000
QASQDVKNW	=	19999.92337000
LGQGVSIEW	=	19999.92337000
QATQEVKNW	=	19999.92337000
LGHGVSIEW	=	19999.92337000
QATQDVKNW	=	19999.92337000
IVLPEKDSW	=	20090.20664150
YVFPVIFSK	=	22257.86333950
KSIHIVVTM	=	24253.33303100
AVRHFPRIW	=	25809.35538950
STLQEQIGW	=	30332.64903950
ISPRTLNAW	=	39595.89872100
KTILKALGP	=	40155.78539000
HTQGYFPDWQ	=	42455.14137200
ISKKAKGWF	=	46530.51144150
IGWMTNNP	=	49449.23576000
TINEEAAEW	=	59100.00000000
QASQEVKNW	=	71009.54716750
LKALGPAAT	>	78125.00000000
DCKTILKAL	>	78125.00000000
CKTILKALG	>	78125.00000000
YFPDWQNYT	>	78125.00000000
KSTDVAKTF	>	78125.00000000
