GSVNVVYTF	=	33.42526600
KTKEIEQVY	=	185.37742800
ITTKAISRW	=	357.55148700
KAVRLIKFLY	=	3486.51391000
KAAVDLSHF	=	4879.98978800
ISDSNPFLTQW	=	6692.55743300
YTAVVPLVY	=	18536.83555200
QATQEVKNW	=	19999.92337000
STLQEQIGW	=	30332.64903950
ISPRTLNAW	=	39595.89872100
KTILKALGP	=	40155.78539000
IGWMTNNP	=	49449.23576000
DCKTILKAL	>	78125.00000000
YFPDWQNYT	>	78125.00000000
