KSTDVAKYF	=	18.84838200
TSTLQEQIGW	=	35.39597500
KAFSPEVIPMF	=	290.52641200
GAVNVVYTF	=	1527.65047400
TSTLQEQIGWF	=	7230.86752800
KTPLGLVDLF	=	9476.00000000
STSFYLISIF	=	10571.00000000
KAGQYVTIW	=	17543.85964950
FSVPLDEGF	=	19999.92337000
LGQGVSIEW	=	19999.92337000
QATQDVKNW	=	19999.92337000
KSIHIVVTM	=	24253.33303100
AVRHFPRIW	=	25809.35538950
TINEEAAEW	=	59100.00000000
