KSIYIVVTF	=	11.88357500
KSTDVAKYF	=	18.84838200
GSVNVVYTF	=	33.42526600
TSTLQEQIGW	=	35.39597500
FSLPAQLL	=	80.16160600
KTKEIEYVF	=	118.61038800
KTKEIEQVY	=	185.37742800
LVQPGRSL	=	285.28002900
KAFSPEVIPMF	=	290.52641200
ITTKAISRW	=	357.55148700
KTKEVYQEF	=	362.06585200
KSKNILFV	<	500.00000000
KTAVQMAVF	=	1127.93220500
KAFSPEVI	=	1226.39869300
GAVNVVYTF	=	1527.65047400
IAMESIVIW	=	1559.00224500
VSFIEFVGW	=	1924.55735200
LVYPGRSLF	=	2138.82944500
IATESIVIW	=	2195.98934100
HTQGYFPDW	=	3121.00931100
KAVRLIKFLY	=	3486.51391000
HTQGFFPDW	=	4362.00235000
KALGPGATL	=	4515.02391400
KAAVDLSHF	=	4879.98978800
ISDSNPFLTQW	=	6692.55743300
TSTLQEQIGWF	=	7230.86752800
KTDEVVTL	=	7812.50000000
GAVNVVMTF	=	8380.27343200
KTPLGLVDLF	=	9476.00000000
STSFYLISIF	=	10571.00000000
SEIDLILGY	=	12275.87932050
KAGQYVTIW	=	17543.85964950
YTAVVPLVY	=	18536.83555200
FSVPLDEGF	=	19999.92337000
FSVPLDKDF	=	19999.92337000
LGGGVSIEW	=	19999.92337000
LGQGVSIEW	=	19999.92337000
AVRHFPRPW	=	19999.92337000
QATQEVKNW	=	19999.92337000
LGHGVSIEW	=	19999.92337000
QATQDVKNW	=	19999.92337000
YVFPVIFSK	=	22257.86333950
KSIHIVVTM	=	24253.33303100
AVRHFPRIW	=	25809.35538950
STLQEQIGW	=	30332.64903950
ISPRTLNAW	=	39595.89872100
KTILKALGP	=	40155.78539000
HTQGYFPDWQ	=	42455.14137200
ISKKAKGWF	=	46530.51144150
IGWMTNNP	=	49449.23576000
TINEEAAEW	=	59100.00000000
ILKALGPAA	=	77822.77041000
TILKALGPA	>	78125.00000000
DCKTILKAL	>	78125.00000000
CKTILKALG	>	78125.00000000
YFPDWQNYT	>	78125.00000000
