KTKEIEYVF	=	118.61038800
KTKEVYQEF	=	362.06585200
KSKNILFV	<	500.00000000
KTAVQMAVF	=	1127.93220500
IAMESIVIW	=	1559.00224500
VSFIEFVGW	=	1924.55735200
HTQGFFPDW	=	4362.00235000
KALGPGATL	=	4515.02391400
GAVNVVMTF	=	8380.27343200
SEIDLILGY	=	12275.87932050
LGGGVSIEW	=	19999.92337000
AVRHFPRPW	=	19999.92337000
ILKALGPAA	=	77822.77041000
TILKALGPA	>	78125.00000000
