KTKEVIYEF	=	185.47744000
KTKEVIQEW	=	243.56422200
YAARARLL	<	500.00000000
KTKEYEQVF	=	761.07974900
KAGQVVTIW	=	2324.50023200
ITSQDVLHSW	=	2613.69576600
RTDGKVFQF	=	5611.03378500
VTSPLTVEY	=	19531.25000000
KAAFDLSFF	=	19999.92337000
QASQDVKNW	=	19999.92337000
IVLPEKDSW	=	20090.20664150
QASQEVKNW	=	71009.54716750
LKALGPAAT	>	78125.00000000
KSTDVAKTF	>	78125.00000000
