KSIYIVVTF	=	11.88357500
FSLPAQLL	=	80.16160600
LVQPGRSL	=	285.28002900
KAFSPEVI	=	1226.39869300
LVYPGRSLF	=	2138.82944500
IATESIVIW	=	2195.98934100
HTQGYFPDW	=	3121.00931100
KTDEVVTL	=	7812.50000000
FSVPLDKDF	=	19999.92337000
LGHGVSIEW	=	19999.92337000
YVFPVIFSK	=	22257.86333950
HTQGYFPDWQ	=	42455.14137200
ISKKAKGWF	=	46530.51144150
CKTILKALG	>	78125.00000000
