ATAAATEAY	=	1.00000000
VSDGGPNLY	=	1.00000000
SSVGVTHGY	=	3.74164764
MTAHITVPY	=	4.00000221
MNYAAAAAY	=	22.00000000
YTIGIGAFY	=	25.00000000
MSFQGRGVF	=	53.00021668
MVASQLARY	=	56.00000000
MTRGLLGSY	=	72.00000000
MTAASYARY	=	75.00000000
NTYLSGIAQY	<	100.00000000
TNTQNNDWF	=	107.99978270
QQYHRFGLY	=	116.00000000
ASYAGAGAY	=	117.00000000
AAKHMSNTY	=	141.42185040
ALLRAATYY	=	141.42185040
YTASVVAAY	=	170.00000000
VSYAAAAAY	=	186.00000000
VSIPVTNTW	=	194.00000000
ESLLHQASW	=	195.00000000
YVFVGTSRY	=	196.00007900
QVYERGCRWY	=	209.00000000
FTFWTFANY	=	212.00000000
HTSALSLGY	=	219.00000000
YTSDYFISY	=	298.00000000
MVFQNYALY	=	321.00000000
RSVWIPGRW	=	375.00000000
FTIRDVLAY	=	431.00000000
RTILGTNNF	<	500.00000000
RTAPNEIAF	<	500.00000000
RALPFTLSNY	<	500.00000000
SSAFFLRYF	<	500.00000000
RVYNNTARY	=	525.00000000
SKFTFSIPY	=	591.00176610
SSYRRPVGI	=	787.99777850
KSWPAAIDW	=	790.00000000
SLRPNDIVY	=	1143.00000000
SSSFSFGGF	=	1423.00435600
ISRQIHWCW	=	1464.00000000
RPRPRTPEW	=	1466.00000000
KSYQIDLDF	=	1522.00000000
YMIGYTAYY	=	1602.00000000
QTYMYTGQY	=	1713.00000000
RYQAQQVEW	=	1740.00000000
YANMWSLMY	=	1829.00000000
LTEAQDQFY	=	2120.00000000
YTITYHDDW	=	2158.00000000
YTNPQFNVY	=	2846.00000000
DTRAIDQFF	=	3652.00000000
CTELKLSDY	=	3863.01024600
VTEPGTAQY	=	4093.00000000
MLYPRVWPY	=	4427.00000000
NMTAHITVPY	>	5000.00000000
YSFPGPPFF	>	5000.00000000
TVYNGTSKY	>	5000.00000000
KVAHNLGFY	>	5000.00000000
ITANVTDENY	>	5000.00000000
QSSVGVTHGY	>	5000.00000000
LAAKHMSNTY	>	5000.00000000
RSTPAIVRWF	>	5000.00000000
NSFLDEAAY	>	5000.00000000
IASVPTSRY	=	5110.01798300
YTGPDHQEW	=	5198.00000000
STFATVLEY	=	7274.00000000
ATAVNQECW	=	7405.00000000
MSRDWFMLM	=	11618.98607000
RVVQAERFY	=	19999.92337000
SYAYMRNGW	=	19999.92337000
MTTCDFRWY	=	19999.92337000
VSVSAGKDF	=	19999.92337000
GSTDSKARY	=	19999.92337000
VMRMGDLHY	=	19999.92337000
TTNTQNNDW	=	19999.92337000
STEPPMLNY	>	20000.00000000
SSNAKNSEW	>	20000.00000000
SSNPVMSRF	>	20000.00000000
VSRLEHQMW	>	20000.00000000
MYADDTAGW	>	20000.00000000
FSVPLDEGF	>	20000.00000000
RVYPNPEVY	>	20000.00000000
FAHDDRYLY	>	20000.00000000
MTRVTNNVY	>	20000.00000000
SSVSSFERF	>	20000.00000000
YAQMWSLMY	>	20000.00000000
FSSQLGLFY	>	20000.00000000
YAYNSSLLY	>	20000.00000000
MANIFRGSY	>	20000.00000000
KSLDNYQEW	>	20000.00000000
KSAAIDGEY	>	20000.00000000
HQYPANLFY	>	20000.00000000
YSYIFLSSY	>	20000.00000000
ISVQPLWEW	>	20000.00000000
HSNLNDATY	>	20000.00000000
SAYYLDIGF	>	20000.00000000
FGMPNPEGY	>	20000.00000000
QTWHGDAPY	>	20000.00000000
