ASYAAAAAY	=	6.16441912
ASYGAGAGY	=	7.74592555
ENALLVALF	=	17.14648381
ASYQFQLPY	=	18.00000000
INNYYMQQY	=	18.00003912
SSLPSYAAY	=	30.00000000
IIYYQLAGY	=	38.00000000
ITLKVFAGY	=	44.00000000
LSASSQTEY	<	500.00000000
ESPSSDEDY	=	718.00000000
YSSPHLLRY	=	729.00000000
TSADQQSLY	=	1025.00046200
ITMVNSLTY	=	3147.00000000
YSRMLYIEF	=	3654.00000000
ATVYNGTSKY	>	5000.00000000
ASDWFAPRY	>	5000.00000000
MMAWRMMRY	=	5323.00000000
HTAEIQQFF	=	6677.00000000
SSMNSDAAY	=	9871.00000000
PTAYNKAPF	=	19999.92337000
FSKLASSAF	=	19999.92337000
TSAAQIKVY	=	19999.92337000
VVKQLPASF	=	19999.92337000
MTAAQIRRY	>	20000.00000000
HMMAVTLFY	>	20000.00000000
FQMDYSLEY	>	20000.00000000
