ATAAATEAY	=	1.00000000
MTAHITVPY	=	4.00000221
MNYAAAAAY	=	22.00000000
NTYLSGIAQY	<	100.00000000
ALLRAATYY	=	141.42185040
VSYAAAAAY	=	186.00000000
MVFQNYALY	=	321.00000000
RTAPNEIAF	<	500.00000000
RVYNNTARY	=	525.00000000
SSSFSFGGF	=	1423.00435600
ISRQIHWCW	=	1464.00000000
KSYQIDLDF	=	1522.00000000
YANMWSLMY	=	1829.00000000
LTEAQDQFY	=	2120.00000000
TVYNGTSKY	>	5000.00000000
KVAHNLGFY	>	5000.00000000
RSTPAIVRWF	>	5000.00000000
IASVPTSRY	=	5110.01798300
STFATVLEY	=	7274.00000000
MTTCDFRWY	=	19999.92337000
TTNTQNNDW	=	19999.92337000
FAHDDRYLY	>	20000.00000000
SSVSSFERF	>	20000.00000000
HQYPANLFY	>	20000.00000000
