VSDGGPNLY	=	1.00000000
SSVGVTHGY	=	3.74164764
AAKHMSNTY	=	141.42185040
YTASVVAAY	=	170.00000000
FTFWTFANY	=	212.00000000
RTILGTNNF	<	500.00000000
RALPFTLSNY	<	500.00000000
SSAFFLRYF	<	500.00000000
SSYRRPVGI	=	787.99777850
SLRPNDIVY	=	1143.00000000
RYQAQQVEW	=	1740.00000000
YTITYHDDW	=	2158.00000000
DTRAIDQFF	=	3652.00000000
LAAKHMSNTY	>	5000.00000000
NSFLDEAAY	>	5000.00000000
YTGPDHQEW	=	5198.00000000
ATAVNQECW	=	7405.00000000
MSRDWFMLM	=	11618.98607000
SYAYMRNGW	=	19999.92337000
VSVSAGKDF	=	19999.92337000
MYADDTAGW	>	20000.00000000
RVYPNPEVY	>	20000.00000000
KSAAIDGEY	>	20000.00000000
YSYIFLSSY	>	20000.00000000
